0.0	0.0
5.0e-6	5.18275472192845e-9
1.0e-5	2.071444847508371e-8
1.5e-5	4.6546028463727094e-8
2.0e-5	8.25973539897873e-8
2.5e-5	1.2875936144244955e-7
3.0e-5	1.8489701202085732e-7
3.5e-5	2.50852942662459e-7
4.0e-5	3.264517224397764e-7
4.5e-5	4.1150460159243974e-7
5.0e-5	5.058146287959389e-7
5.5e-5	6.09182004506467e-7
6.0e-5	7.214095343830875e-7
6.5e-5	8.423080468418335e-7
7.0e-5	9.717016425626295e-7
7.5e-5	1.1094326509382046e-6
8.0e-5	1.2553661786018474e-6
8.5e-5	1.4093941477893465e-6
9.0e-5	1.5714387368150435e-6
9.5e-5	1.7414551507833915e-6
0.0001	1.91943366723409e-6
0.000105	2.105400918186611e-6
0.00011	2.2994203865282568e-6
0.000115	2.50159211048267e-6
0.00012	2.712051604705012e-6
0.000125	2.9309680201816695e-6
0.00013	3.1585415774746437e-6
0.000135	3.395000318943684e-6
0.00014	3.640596235478996e-6
0.000145	3.895600832113481e-6
0.00015	4.1603002048143655e-6
0.000155	4.434989707939792e-6
0.00016	4.719968298423032e-6
0.000165	5.015532648805402e-6
0.00017	5.3219711268052206e-6
0.000175	5.6395577441351985e-6
0.00018	5.96854618163664e-6
0.000185	6.309164001282337e-6
0.00019	6.661607157942901e-6
0.000195	7.026034924698453e-6
0.0002	7.402565344568886e-6
0.000205	7.791271318493157e-6
0.00021	8.192177433902004e-6
0.000215	8.605257630046931e-6
0.00022	9.03043378520202e-6
0.000225	9.467575296878826e-6
0.00023	9.91649970934476e-6
0.000235	1.0376974423200098e-5
0.00024	1.0848719499870863e-5
0.000245	1.1331411550069821e-5
0.00025	1.1824688670139758e-5
0.000255	1.2328156364400497e-5
0.00026	1.2841394365929159e-5
0.000265	1.3363964243417456e-5
0.00027	1.3895417658693248e-5
0.000275	1.4435305118969795e-5
0.00028	1.4983185050647381e-5
0.000285	1.5538633008201333e-5
0.00029	1.6101250822894468e-5
0.000295	1.6670675492150423e-5
0.0003	1.724658761165251e-5
0.000305	1.782871915864642e-5
0.00031	1.84168604463954e-5
0.000315	1.9010866085954557e-5
0.00032	1.961065981191774e-5
0.000325	2.0216238052920408e-5
0.00033	2.0827672154707495e-5
0.000335	2.144510919266394e-5
0.00034	2.2068771340976032e-5
0.000345	2.269895379615472e-5
0.00035	2.333602128265072e-5
0.000355	2.3980403196937837e-5
0.00036	2.463258747304809e-5
0.000365	2.529311327655031e-5
0.00037	2.5962562654953675e-5
0.000375	2.66415512902218e-5
0.00038	2.7330718513377242e-5
0.000385	2.8030716752074163e-5
0.00039	2.8742200589642952e-5
0.000395	2.946581561867801e-5
0.0004	3.0202187274020286e-5
0.000405	3.095190982927337e-5
0.00041	3.171553573807913e-5
0.000415	3.249356549652193e-5
0.00042	3.328643819643762e-5
0.000425	3.4094522931208646e-5
0.00043	3.491811120589659e-5
0.000435	3.5757410492286955e-5
0.00044	3.661253905653031e-5
0.000445	3.748352217244243e-5
0.00045	3.8370289817038004e-5
0.000455	3.927267592638324e-5
0.00046	4.019041926926218e-5
0.000465	4.11231659734154e-5
0.00047	4.2070473714269866e-5
0.000475	4.303181754928138e-5
0.00048	4.40065973525192e-5
0.000485	4.499414677433175e-5
0.00049	4.599374362036065e-5
0.000495	4.700462151345967e-5
0.0005	4.802598267197172e-5
0.000505	4.905701160914671e-5
0.00051	5.00968895321265e-5
0.000515	5.114480919577835e-5
0.00052	5.2199989947601045e-5
0.000525	5.326169268577457e-5
0.00053	5.43292344438903e-5
0.000535	5.540200231355865e-5
0.00054	5.647946642034842e-5
0.000545	5.7561191679568295e-5
0.00055	5.864684807623804e-5
0.000555	5.973621923796552e-5
0.00056	6.082920909986918e-5
0.000565	6.192584649646506e-5
0.00057	6.302628755568307e-5
0.000575	6.413081581383222e-5
0.00058	6.523984001622311e-5
0.000585	6.635388961503105e-5
0.00059	6.747360802257143e-5
0.000595	6.859974372322928e-5
0.0006	6.973313938968231e-5
0.000605	7.087471918776179e-5
0.00061	7.202547448846033e-5
0.000615	7.318644823456023e-5
0.00062	7.435871823268194e-5
0.000625	7.554337965901266e-5
0.00063	7.674152707854384e-5
0.000635	7.795423628348765e-5
0.00064	7.918254625696672e-5
0.000645	8.042744156350787e-5
0.00065	8.168983545881894e-5
0.000655	8.297055399831969e-5
0.00066	8.427032140745883e-5
0.000665	8.558974695746071e-5
0.00067	8.692931356822692e-5
0.000675	8.82893683360005e-5
0.00068	8.967011515733545e-5
0.000685	9.1071609593059e-5
0.00069	9.249375608636597e-5
0.000695	9.393630761798472e-5
0.0007	9.539886784852752e-5
0.000705	9.688089576371468e-5
0.00071	9.838171280221801e-5
0.000715	9.990051240854695e-5
0.00072	0.00010143637191494426
0.000725	0.00010298826661703045
0.00073	0.00010455508586842776
0.000735	0.00010613565098043727
0.00074	0.00010772873467479586
0.000745	0.00010933308180148115
0.00075	0.00011094743100042889
0.000755	0.00011257053695690886
0.00076	0.00011420119287621562
0.000765	0.00011583825278528765
0.00077	0.00011748065325781956
0.000775	0.0001191274341561828
0.00078	0.00012077775798866717
0.000785	0.00012243092749461134
0.00079	0.00012408640109306626
0.000795	0.00012574380586260778
0.0008	0.00012740294776035697
0.000805	0.00012906381883645272
0.00081	0.00013072660125513962
0.000815	0.0001323916679940093
0.00082	0.00013405958015727453
0.000825	0.0001357310809056232
0.00083	0.00013740708607242968
0.000835	0.00013908867160214398
0.00084	0.0001407770580098
0.000845	0.0001424735921191924
0.00085	0.00014417972638994115
0.000855	0.00014589699618923954
0.00086	0.0001476269954016364
0.000865	0.00014937135079917663
0.00087	0.00015113169561429448
0.000875	0.00015290964276905422
0.00088	0.00015470675821691236
0.000885	0.00015652453484764882
0.00089	0.00015836436739314125
0.000895	0.0001602275287520257
0.0009	0.0001621151481258439
0.000905	0.00016402819132887048
0.00091	0.00016596744359924408
0.000915	0.00016793349520101262
0.00092	0.00016992673006587265
0.000925	0.00017194731768020485
0.00093	0.00017399520837788784
0.000935	0.000176070132152562
0.00094	0.0001781716010547201
0.000945	0.0001802989151893664
0.00095	0.00018245117227916465
0.000955	0.00018462728070614535
0.00096	0.00018682597589244035
0.000965	0.00018904583982749297
0.00097	0.00019128532349627447
0.000975	0.00019354277191085503
0.00098	0.000195816451397061
0.000985	0.00019810457873987075
0.00099	0.00020040535174677566
0.000995	0.0002027169807487882
0.001	0.00020503772052542351
0.001005	0.00020736590211411243
0.00101	0.00020969996394740742
0.001015	0.00021203848175417044
0.00102	0.00021438019666465946
0.001025	0.0002167240409748081
0.00103	0.00021906916105242976
0.001035	0.00022141493690766695
0.00104	0.00022376099800142283
0.001045	0.00022610723492802714
0.00105	0.0002284538066808668
0.001055	0.0002308011432906296
0.00106	0.00023314994371329361
0.001065	0.00023550116893689916
0.00107	0.00023785603037010874
0.001075	0.00024021597366914342
0.00108	0.0002425826582504157
0.001085	0.00024495793282170347
0.00109	0.0002473438073428612
0.001095	0.00024974242189597704
0.0011	0.00025215601300303047
0.001105	0.0002545868779753866
0.00111	0.00025703733791320414
0.001115	0.0002595096999937852
0.00112	0.00026200621969624233
0.001125	0.0002645290636061224
0.00113	0.00026708027342864897
0.001135	0.00026966173181408403
0.00114	0.00027227513056456664
0.001145	0.0002749219417499271
0.00115	0.0002776033922116412
0.001155	0.0002803204418804588
0.00116	0.00028307376627533773
0.001165	0.0002858637434900311
0.00117	0.0002886904459096984
0.001175	0.00029155363683378574
0.00118	0.00029445277211353533
0.001185	0.00029738700684309616
0.00119	0.0003003552070725827
0.001195	0.0003033559664397265
0.0012	0.0003063876275442997
0.001205	0.0003094483078166103
0.00121	0.00031253592955861407
0.001215	0.00031564825376428993
0.00122	0.00031878291725581556
0.001225	0.0003219374726049567
0.00123	0.0003251094302463073
0.001235	0.00032829630213220825
0.00124	0.0003314956462300103
0.001245	0.000334705111122697
0.00125	0.0003379224799454711
0.001255	0.00034114571287552033
0.00126	0.0003443729873912821
0.001265	0.0003476027355323716
0.00127	0.00035083367742278024
0.001275	0.00035406485036834466
0.00128	0.000357295632904698
0.001285	0.0003605257632532002
0.00129	0.0003637553517383712
0.001295	0.00036698488682921943
0.0013	0.0003702152345861348
0.001305	0.00037344763142179615
0.00131	0.0003766836702156209
0.001315	0.00037992527995319006
0.00132	0.0003831746991913117
0.001325	0.0003864344437725139
0.00133	0.00038970726932659167
0.001335	0.00039299612919851116
0.00134	0.00039630412852921
0.001345	0.00039963447528678264
0.00135	0.00040299042909909316
0.001355	0.00040637524877444733
0.00136	0.0004097921394146676
0.001365	0.00041324420002537544
0.00137	0.0004167343725125457
0.001375	0.00042026539292394947
0.00138	0.0004238397457505488
0.001385	0.00042745962204811364
0.00139	0.0004311268820750226
0.001395	0.00043484302307013274
0.0014	0.0004386091527162235
0.001405	0.00044242596875115415
0.00141	0.00044629374510149966
0.001415	0.000450212324822823
0.00142	0.0004541811200374129
0.001425	0.000458199118964581
0.00143	0.00046226490004072087
0.001435	0.0004663766530264441
0.00144	0.00047053220689647013
0.001445	0.0004747290642049755
0.00145	0.0004789644415153732
0.001455	0.00048323531537995196
0.00146	0.0004875384732526896
0.001465	0.0004918705686194822
0.00147	0.0004962281795360128
0.001475	0.0005006078696768144
0.00148	0.000505006250922345
0.001485	0.0005094200464468558
0.00149	0.0005138461532212754
0.001495	0.0005182817028149674
0.0015	0.0005227241193705159
0.001505	0.0005271711736386967
0.00151	0.000531621031997988
0.001515	0.0005360722994451725
0.00152	0.000540524055630769
0.001525	0.0005449758831242877
0.00153	0.0005494278872278516
0.001535	0.0005538807068098471
0.00154	0.0005583355157994512
0.001545	0.0005627940151639138
0.00155	0.0005672584153785969
0.001555	0.0005717314095899465
0.00156	0.0005762161378585502
0.001565	0.0005807161430482683
0.00157	0.0005852353190933083
0.001575	0.0005897778525240019
0.00158	0.0005943481582604865
0.001585	0.0005989508107889473
0.00159	0.0006035904719158824
0.001595	0.0006082718163513675
0.0016	0.0006129994564025581
0.001605	0.0006177778670648133
0.00161	0.0006226113127812684
0.001615	0.0006275037771046421
0.00162	0.0006324588964398631
0.001625	0.0006374798989752205
0.00163	0.0006425695498256411
0.001635	0.0006477301033165699
0.00164	0.0006529632632326962
0.001645	0.0006582701517439135
0.00165	0.000663651287602515
0.001655	0.0006691065740813926
0.00166	0.000674635296993226
0.001665	0.000680236132995456
0.00167	0.0006859071682451363
0.001675	0.0006916459273216179
0.00168	0.0006974494121835457
0.001685	0.000703314150770413
0.00169	0.0007092362546988984
0.001695	0.0007152114853419694
0.0017	0.0007212353274165061
0.001705	0.000727303069045921
0.00171	0.0007334098871114662
0.001715	0.0007395509365637656
0.00172	0.0007457214422391982
0.001725	0.0007519167916188803
0.00173	0.0007581326268860127
0.001735	0.0007643649345848425
0.00174	0.000770610131165578
0.001745	0.0007768651427174669
0.00175	0.0007831274772492359
0.001755	0.0007893952879731001
0.00176	0.0007956674261851921
0.001765	0.0008019434825095227
0.00177	0.0008082238154811667
0.001775	0.0008145095666823181
0.00178	0.000820802661906227
0.001785	0.00082710579810173
0.00179	0.0008334224161374943
0.001795	0.0008397566597121627
0.0018	0.0008461133210164708
0.001805	0.0008524977740185632
0.00181	0.0008589158964875162
0.001815	0.0008653739820868129
0.00182	0.0008718786440548061
0.001825	0.0008784367121400948
0.00183	0.00088505512457458
0.001835	0.0008917408169455754
0.00184	0.000898500609871612
0.001845	0.0009053410973965572
0.00185	0.0009122685379958875
0.001855	0.0009192887500406886
0.00186	0.0009264070134923174
0.001865	0.0009336279795068216
0.00187	0.0009409555895159247
0.001875	0.0009483930052227731
0.00188	0.0009559425508073232
0.001885	0.0009636056684789848
0.00189	0.0009713828883432662
0.001895	0.000979273813364282
0.0019	0.0009872771200056388
0.001905	0.0009953905749176754
0.00191	0.0010036110678089587
0.001915	0.0010119346603943856
0.00192	0.0010203566510521504
0.001925	0.0010288716545491213
0.00193	0.0010374736959119818
0.001935	0.0010461563172343225
0.00194	0.0010549126959234927
0.001945	0.001063735772612488
0.00195	0.0010726183866995088
0.001955	0.001081553417239836
0.00196	0.0010905339267104819
0.001965	0.0010995533050065657
0.00197	0.0011086054109179812
0.001975	0.0011176847082827162
0.00198	0.001126786394024809
0.001985	0.0011359065153638815
0.00199	0.0011450420736305719
0.001995	0.0011541911123366948
0.002	0.0011633527874265524
0.002005	0.0011725274179700275
0.00201	0.0011817165159401196
0.002015	0.0011909227941369854
0.00202	0.001200150151765184
0.002025	0.0012094036376281547
0.00203	0.0012186893913609421
0.002035	0.0012280145635666024
0.00204	0.0012373872161419712
0.002045	0.0012468162044649439
0.00205	0.001256311043459938
0.002055	0.0012658817598550974
0.00206	0.0012755387331902669
0.002065	0.0012852925283274087
0.00207	0.0012951537223551749
0.002075	0.001305132728868802
0.00208	0.0013152396226482753
0.002085	0.0013254839677556258
0.00209	0.001335874652029942
0.002095	0.0013464197308799472
0.0021	0.0013571262831615137
0.002105	0.0013680002817833372
0.00211	0.0013790464815089877
0.002115	0.0013902683262174496
0.00212	0.0014016678776460117
0.002125	0.0014132457673670202
0.00213	0.0014250011734417162
0.002135	0.0014369318228482154
0.00214	0.0014490340203957858
0.002145	0.0014613027044143051
0.00215	0.0014737315290483473
0.002155	0.0014863129724943405
0.00216	0.0014990384700036467
0.002165	0.0015118985699439761
0.00217	0.001524883110678475
0.002175	0.0015379814155005755
0.00218	0.0015511825023693728
0.002185	0.0015644753047421237
0.00219	0.0015778488994147024
0.002195	0.0015912927369740365
0.0022	0.0016047968702535668
0.002205	0.0016183521760756994
0.00221	0.0016319505655728774
0.002215	0.001645585178505834
0.00222	0.0016592505572440228
0.002225	0.0016729427964345847
0.00223	0.0016866596648535358
0.002235	0.0017004006964929598
0.00224	0.0017141672485742924
0.002245	0.0017279625248709295
0.00225	0.0017417915634527306
0.002255	0.0017556611887087619
0.00226	0.0017695799282422496
0.002265	0.0017835578959435536
0.00227	0.0017976066432160446
0.002275	0.001811738980942104
0.00228	0.0018259687753213736
0.002285	0.0018403107211838235
0.00229	0.0018547800967726649
0.002295	0.0018693925043059157
0.0023	0.001884163600862625
0.002305	0.0018991088243040075
0.00231	0.0019142431190356658
0.002315	0.0019295806664494349
0.00232	0.0019451346248562796
0.002325	0.001960916883637763
0.00233	0.001976937836203993
0.002335	0.00199320617614973
0.00234	0.0020097287207445557
0.002345	0.0020265102655736412
0.00235	0.002043553473757215
0.002355	0.0020608588027143577
0.00236	0.0020784244708956694
0.002365	0.002096246466287533
0.00237	0.0021143185977886224
0.002375	0.0021326325897817154
0.00238	0.0021511782193798985
0.002385	0.0021699434949302397
0.00239	0.002188914873429086
0.002395	0.0022080775135655713
0.0024	0.0022274155601912683
0.002405	0.0022469124551450863
0.00241	0.002266551268575224
0.002415	0.002286315044225825
0.00242	0.0023061871516241767
0.002425	0.002326151637740021
0.00243	0.002346193570511791
0.002435	0.0023662993666575694
0.00244	0.002386457096416819
0.002445	0.0024066567582984254
0.00245	0.002426890517530068
0.002455	0.0024471529026936275
0.00246	0.002467440955965361
0.002465	0.0024877543334263317
0.00247	0.002508095353033304
0.002475	0.0025284689890063003
0.00248	0.002548882812560252
0.002485	0.0025693468800503075
0.00249	0.0025898735706834973
0.002495	0.002610477376948021
0.0025	0.0026311746518064916
0.002505	0.002651983317477956
0.00251	0.0026729225412888166
0.002515	0.0026940123846038518
0.00252	0.0027152734312594078
0.002525	0.002736726402218463
0.00253	0.002758391763361231
0.002535	0.0027802893334249396
0.00254	0.002802437899121267
0.002545	0.0028248548443962104
0.00255	0.00284755580065822
0.002555	0.0028705543245861704
0.00256	0.0028938616098345567
0.002565	0.0029174862385723996
0.00257	0.002941433978314215
0.002575	0.0029657076289156853
0.00258	0.0029903069239029544
0.002585	0.0030152284894749744
0.00259	0.003040465863560011
0.002595	0.0030660095762228526
0.0026	0.0030918472915189305
0.002605	0.003117964009594052
0.00261	0.0031443423264611676
0.002615	0.0031709627474838663
0.00262	0.0031978040492030087
0.002625	0.0032248436828055337
0.00263	0.003252058211303903
0.002635	0.003279423771421618
0.00264	0.003306916550312518
0.002645	0.0033345132666211786
0.00265	0.003362191645052031
0.002655	0.0033899308735781813
0.00266	0.003417712032697204
0.002665	0.00344551848672692
0.00267	0.00347333622801212
0.002675	0.0035011541660537925
0.00268	0.0035289643549345534
0.002685	0.0035567621539482697
0.00269	0.0035845463179922286
0.002695	0.003612319015988259
0.0027	0.0036400857773063316
0.002705	0.0036678553678152793
0.00271	0.003695639598731493
0.002715	0.0037234530728368813
0.00272	0.003751312873861249
0.002725	0.0037792382058516286
0.00273	0.003807249990172409
0.002735	0.003835370428396312
0.00274	0.0038636225397668043
0.002745	0.0038920296821536235
0.00275	0.003920615065505488
0.002755	0.003949401266750407
0.00276	0.00397840975492647
0.002765	0.004007660435063933
0.00277	0.004037171218997674
0.002775	0.004066957630876471
0.00278	0.004097032454654811
0.002785	0.004127405430300305
0.00279	0.004158083004816386
0.002795	0.004189068143453508
0.0028	0.0042203602056482496
0.002805	0.0042519548892761385
0.00281	0.004283844245720938
0.002815	0.004316016767047851
0.00282	0.004348457545225881
0.002825	0.004381148501890554
0.00283	0.004414068685598331
0.002835	0.0044471946319349104
0.00284	0.004480500780247254
0.002845	0.004513959939227311
0.00285	0.004547543792143135
0.002855	0.004581223431250316
0.00286	0.004614969909882625
0.002865	0.004648754799967622
0.00287	0.004682550742285168
0.002875	0.004716331976715112
0.00288	0.0047500748400221655
0.002885	0.004783758219401836
0.00289	0.004817363951045298
0.002895	0.004850877154341231
0.0029	0.004884286493973112
0.002905	0.004917584364031539
0.00291	0.004950766990276285
0.002915	0.004983834448778098
0.00292	0.0050167906012716776
0.002925	0.005049642949586223
0.00293	0.005082402413422612
0.002935	0.0051150830374594
0.00294	0.005147701635248205
0.002945	0.005180277378570728
0.00295	0.005212831341856598
0.002955	0.00524538601189932
0.00296	0.005277964773465907
0.002965	0.005310591381493238
0.00297	0.005343289430429875
0.002975	0.005376081830948893
0.00298	0.005408990303762069
0.002985	0.005442034899644299
0.00299	0.005475233554062109
0.002995	0.005508601684019516
0.003	0.005542151833908494
0.003005	0.005575893376294086
0.00301	0.005609832272680698
0.003015	0.0056439708983962895
0.00302	0.005678307934788786
0.003025	0.005712838330945251
0.00303	0.005747553336109592
0.003035	0.005782440602881198
0.00304	0.005817484360121179
0.003045	0.005852665653277879
0.00305	0.005887962648579264
0.003055	0.005923350996245929
0.00306	0.005958804246582484
0.003065	0.005994294311542304
0.00307	0.006029791963173
0.003075	0.006065267359283334
0.00308	0.006100690585773785
0.003085	0.0061360322043886185
0.00309	0.006171263794217869
0.003095	0.006206358475137153
0.0031	0.006241291401545001
0.003105	0.006276040215253011
0.00311	0.006310585447202195
0.003115	0.006344910858802991
0.00312	0.0063790037150985215
0.003125	0.006412854983587799
0.00313	0.006446459454367015
0.003135	0.006479815779190954
0.00314	0.006512926429059048
0.003145	0.0065457975719230435
0.00315	0.006578438874030589
0.003155	0.0066108632301995224
0.00316	0.006643086429907783
0.003165	0.00667512676743912
0.00317	0.006707004605413238
0.003175	0.0067387419018301595
0.00318	0.006770361711265501
0.003185	0.006801887671070663
0.00319	0.00683334348337552
0.003195	0.006864752403386011
0.0032	0.0068961367439465526
0.003205	0.006927517405633917
0.00321	0.006958913440802719
0.003215	0.00699034165905072
0.00322	0.007021816280549291
0.003225	0.007053348642621068
0.00323	0.00708494696386844
0.003235	0.007116616169081384
0.00324	0.007148357777095183
0.003245	0.00718016985273443
0.00325	0.007212047022973451
0.003255	0.0072439805564643266
0.00326	0.007275958504630927
0.003265	0.007307965901599126
0.00327	0.0073399850193295625
0.003275	0.007371995673442638
0.00328	0.007403975574381995
0.003285	0.0074359007177626805
0.00329	0.007467745807007891
0.003295	0.007499484700711711
0.0033	0.007531090876595129
0.003305	0.007562537903471811
0.00331	0.007593799912330883
0.003315	0.007624852057498121
0.00332	0.0076556709588729505
0.003325	0.007686235116469907
0.00333	0.007716525288928648
0.003335	0.00774652482829636
0.00334	0.00777621996422482
0.003345	0.007805600031746152
0.00335	0.007834657637975145
0.003355	0.007863388764401626
0.00336	0.007891792802849408
0.003365	0.00791987252464833
0.00337	0.007947633984050167
0.003375	0.007975086358374395
0.00338	0.008002241728752685
0.003385	0.008029114806612291
0.00339	0.008055722612162555
0.003395	0.008082084112096762
0.0034	0.008108219824471389
0.003405	0.008134151399262147
0.00341	0.008159901183415167
0.003415	0.008185491779313442
0.00342	0.008210945605472543
0.003425	0.008236284467980031
0.00343	0.008261529150720351
0.003435	0.008286699031805088
0.00344	0.008311811732882346
0.003445	0.008336882807156828
0.00345	0.008361925471038966
0.003455	0.008386950383383118
0.00346	0.008411965475293664
0.003465	0.008436975832494253
0.00347	0.008461983631285797
0.003475	0.008486988128177912
0.00348	0.008511985702376773
0.003485	0.008536969949458672
0.00349	0.00856193182375986
0.003495	0.00858685982627416
0.0035	0.008611740234175259
0.003505	0.008636557367473647
0.00351	0.008661293887783394
0.003515	0.008685931123714628
0.00352	0.00871044941702874
0.003525	0.008734828483399168
0.00353	0.00875904778141704
0.003535	0.008783086883371856
0.00354	0.008806925841328646
0.003545	0.008830545542118054
0.00355	0.008853928045056874
0.003555	0.00887705689652561
0.00356	0.008899917415944527
0.003565	0.008922496948206918
0.00357	0.008944785078242153
0.003575	0.00896677380408045
0.00358	0.008988457665566364
0.003585	0.009009833826701102
0.00359	0.00903090211047091
0.003595	0.009051664985917997
0.0036	0.009072127508114605
0.003605	0.009092297212587308
0.00361	0.009112183966588682
0.003615	0.00913179978040759
0.00362	0.009151158582629701
0.003625	0.009170275963892064
0.00363	0.009189168894206666
0.003635	0.009207855419348095
0.00364	0.009226354342104441
0.003645	0.00924468489437387
0.00365	0.009262866406152844
0.003655	0.009280917977407594
0.00366	0.009298858158654107
0.003665	0.00931670464579976
0.00367	0.009334473994432147
0.003675	0.009352181358286867
0.00368	0.009369840256098457
0.003685	0.009387462370448732
0.00369	0.009405057381587895
0.003695	0.009422632838528443
0.0037	0.009440194069012812
0.003705	0.009457744129246635
0.00371	0.009475283793581743
0.003715	0.009492811583639496
0.00372	0.009510323835697145
0.003725	0.009527814804527595
0.00373	0.009545276801297228
0.003735	0.009562700362594935
0.00374	0.009580074447196503
0.003745	0.009597386656768358
0.00375	0.009614623476387495
0.003755	0.009631770530505117
0.00376	0.009648812849810706
0.003765	0.009665735144362524
0.00377	0.009682522078338753
0.003775	0.009699158541828134
0.00378	0.00971562991521742
0.003785	0.009731922321939738
0.00379	0.00974802286561794
0.003795	0.009763919847964085
0.0038	0.009779602964172308
0.003805	0.009795063472960793
0.00381	0.00981029433887084
0.003815	0.009825290344909157
0.00382	0.009840048174115542
0.003825	0.00985456645914405
0.00383	0.00986884579945409
0.003835	0.00988288874621167
0.00384	0.009896699755493697
0.003845	0.009910285110864074
0.00385	0.00992365281684347
0.003855	0.009936812465221306
0.00386	0.00994977507655325
0.003865	0.009962552919547198
0.00387	0.009975159311361345
0.003875	0.009987608402115872
0.00388	0.00999991494715178
0.003885	0.010012094070752545
0.00389	0.01002416102517428
0.003895	0.010036130948902825
0.0039	0.010048018628071283
0.003905	0.010059838264923949
0.00391	0.010071603257102879
0.003915	0.010083325991359245
0.00392	0.010095017655054606
0.003925	0.010106688068518806
0.00393	0.010118345540975349
0.003935	0.01012999675233681
0.00394	0.010141646662719425
0.003945	0.01015329845103552
0.00395	0.01016495348350584
0.003955	0.010176611312400673
0.00396	0.010188269704782142
0.003965	0.010199924700491162
0.00397	0.010211570698113317
0.003975	0.010223200567180025
0.00398	0.010234805784424298
0.003985	0.010246376591523502
0.00399	0.010257902171431755
0.003995	0.01026937084013704
0.004	0.010280770250476667
0.004005	0.010292087604509717
0.00401	0.01030330987087725
0.004015	0.010314424003576758
0.00402	0.010325417158633889
0.004025	0.010336276905266057
0.00403	0.01034699142829373
0.004035	0.01035754971875974
0.00404	0.010367941749957216
0.004045	0.010378158636337807
0.00405	0.010388192773066109
0.004055	0.010398037954299062
0.00406	0.010407689468595485
0.004065	0.01041714417019666
0.00407	0.010426400525262081
0.004075	0.01043545863249055
0.00408	0.010444320217907196
0.004085	0.010452988603947078
0.00409	0.010461468653317433
0.004095	0.01046976668847024
0.0041	0.01047789038786377
0.004105	0.010485848660533445
0.00411	0.010493651500825653
0.004115	0.010501309825468824
0.00412	0.010508835295458662
0.004125	0.010516240125513289
0.00413	0.010523536884101788
0.004135	0.010530738287258786
0.00414	0.0105378569895613
0.004145	0.010544905375753531
0.00415	0.010551895356555761
0.004155	0.010558838172177402
0.00416	0.010565744206969725
0.004165	0.01057262281849745
0.00417	0.010579482184081173
0.004175	0.010586329167567025
0.00418	0.010593169208721127
0.004185	0.010600006237231495
0.00419	0.010606842612838601
0.004195	0.010613679092618952
0.0042	0.010620514825926124
0.004205	0.010627347376964398
0.00421	0.010634172774443708
0.004215	0.010640985587256156
0.00422	0.010647779024634367
0.004225	0.01065454505881264
0.00423	0.01066127456782227
0.004235	0.01066795749572031
0.00424	0.010674583027281139
0.004245	0.010681139773976509
0.00425	0.01068761596793275
0.004255	0.010693999660482562
0.00426	0.01070027892192098
0.004265	0.01070644203912605
0.00427	0.010712477707810085
0.004275	0.010718375216319726
0.00428	0.010724124618098402
0.004285	0.01072971689015487
0.00429	0.010735144075141449
0.004295	0.010740399404930321
0.0043	0.010745477403880788
0.004305	0.010750373970310166
0.00431	0.010755086435014589
0.004315	0.010759613596029173
0.00432	0.010763955729168781
0.004325	0.01076811457424813
0.00433	0.010772093297242486
0.004335	0.010775896429014829
0.00434	0.010779529781598284
0.004345	0.010783000343382546
0.00435	0.010786316154903742
0.004355	0.010789486167272778
0.00436	0.010792520085593761
0.004365	0.010795428200011989
0.00437	0.010798221207282913
0.004375	0.010800910025963846
0.00438	0.010803505608487383
0.004385	0.010806018753475973
0.00439	0.010808459921692016
0.004395	0.010810839058984794
0.0044	0.01081316542948966
0.004405	0.01081544746215753
0.00441	0.010817692613443357
0.004415	0.010819907248668246
0.00442	0.010822096544194283
0.004425	0.010824264412125223
0.00443	0.01082641344878125
0.004435	0.010828544907701595
0.00444	0.01083065869742066
0.004445	0.010832753403756093
0.00445	0.010834826335851004
0.004455	0.010836873594743831
0.00446	0.010838890162809029
0.004465	0.010840870012030122
0.00447	0.010842806228738771
0.004475	0.010844691152191444
0.00448	0.01084651652415778
0.004485	0.010848273646563135
0.00449	0.010849953544162065
0.004495	0.01085154712922111
0.0045	0.010853045365242252
0.004505	0.010854439426868125
0.00451	0.010855720853269095
0.004515	0.010856881692501767
0.00452	0.010857914634557857
0.004525	0.01085881313107522
0.00453	0.01085957149995336
0.004535	0.010860185013401202
0.00454	0.01086064996824466
0.004545	0.010860963737619963
0.00455	0.010861124803489242
0.004555	0.01086113276971791
0.00456	0.010860988355766425
0.004565	0.010860693371347263
0.00457	0.010860250672703733
0.004575	0.010859664101457443
0.00458	0.010858938407256533
0.004585	0.010858079155728942
0.00459	0.010857092623494331
0.004595	0.010855985682226637
0.0046	0.010854765673956428
0.004605	0.010853440279973007
0.00461	0.010852017385822128
0.004615	0.01085050494497474
0.00462	0.010848910843778163
0.004625	0.010847242770291136
0.00463	0.010845508089513746
0.004635	0.010843713727409308
0.00464	0.010841866065908028
0.004645	0.01083997085085593
0.00465	0.01083803311457499
0.004655	0.010836057114357414
0.00466	0.01083404628787572
0.004665	0.010832003226084175
0.00467	0.010829929663783556
0.004675	0.01082782648765487
0.00468	0.010825693761132718
0.004685	0.01082353076517431
0.00469	0.010821336053622219
0.004695	0.010819107521577614
0.0047	0.010816842484975445
0.004705	0.010814537769356897
0.00471	0.010812189805717746
0.004715	0.010809794731242264
0.00472	0.010807348492712534
0.004725	0.010804846950447164
0.00473	0.010802285980659191
0.004735	0.010799661574327138
0.00474	0.01079696993075591
0.004745	0.010794207544244292
0.00475	0.01079137128247538
0.004755	0.010788458455434613
0.00476	0.010785466873934923
0.004765	0.010782394897013521
0.00477	0.010779241467715556
0.004775	0.01077600613697837
0.00478	0.010772689075587144
0.004785	0.010769291074256247
0.00479	0.010765813532286067
0.004795	0.010762258435171566
0.0048	0.010758628321939315
0.004805	0.010754926242983071
0.00481	0.010751155709360955
0.004815	0.010747320634803454
0.00482	0.010743425271448531
0.004825	0.010739474140777668
0.00483	0.010735471961200914
0.004835	0.010731423573625287
0.00484	0.010727333866699983
0.004845	0.010723207703141927
0.00485	0.010719049848736902
0.004855	0.010714864905483661
0.00486	0.01071065725021115
0.004865	0.010706430980076696
0.00487	0.010702189865938428
0.004875	0.010697937314564138
0.00488	0.010693676340685744
0.004885	0.010689409548813237
0.00489	0.010685139125978588
0.004895	0.010680866844450536
0.0049	0.010676594074951154
0.004905	0.010672321809520931
0.00491	0.01066805069328395
0.004915	0.010663781064245256
0.00492	0.010659513000230218
0.004925	0.010655246370961668
0.00493	0.01065098089471574
0.004935	0.010646716197452388
0.00494	0.010642451873332352
0.004945	0.010638187544609469
0.00495	0.01063392291987025
0.004955	0.010629657849335351
0.00496	0.010625392375340083
0.004965	0.01062112677747602
0.00497	0.010616861611681851
0.004975	0.01061259774190832
0.00498	0.010608336363782939
0.004985	0.010604079021256294
0.00499	0.01059982761412548
0.004995	0.010595584398291643
0.005	0.01059135197759651
0.005005	0.010587133288806923
0.00501	0.010582931579333562
0.005015	0.010578750378627197
0.00502	0.010574593464919822
0.005025	0.010570464825667376
0.00503	0.010566368616105958
0.005035	0.010562309113551832
0.00504	0.010558290670330464
0.005045	0.010554317666326198
0.00505	0.010550394460955907
0.005055	0.010546525344834348
0.00506	0.010542714496915798
0.005065	0.010538965941036217
0.00507	0.010535283505432662
0.005075	0.010531670791878174
0.00508	0.01052813114342655
0.005085	0.010524667619469772
0.00509	0.010521282980125906
0.005095	0.010517979672625086
0.0051	0.010514759826175533
0.005105	0.01051162525188005
0.00511	0.010508577452840725
0.005115	0.01050561763660645
0.00512	0.010502746734380322
0.005125	0.010499965429655004
0.00513	0.010497274186307732
0.005135	0.010494673284327287
0.00514	0.010492162858716245
0.005145	0.010489742942399063
0.00515	0.01048741350811056
0.005155	0.01048517451244364
0.00516	0.010483025939867286
0.005165	0.01048096784522483
0.00517	0.010479000394921716
0.005175	0.010477123905963559
0.00518	0.010475338870785835
0.005185	0.010473646000570538
0.00519	0.01047204623297589
0.005195	0.010470540763664845
0.0052	0.010469131048476176
0.005205	0.010467818815913552
0.00521	0.010466606059059294
0.005215	0.01046549502997435
0.00522	0.010464488236851826
0.005225	0.010463588410181574
0.00523	0.01046279848550337
0.005235	0.010462121591511641
0.00524	0.010461560990139215
0.005245	0.010461120062733864
0.00525	0.010460802270960775
0.005255	0.01046061111870114
0.00526	0.010460550108324895
0.005265	0.010460622707020044
0.00527	0.010460832328947164
0.005275	0.010461182271744253
0.00528	0.01046167570667389
0.005285	0.010462315649239343
0.00529	0.010463104934268028
0.005295	0.010464046179803036
0.0053	0.01046514181510137
0.005305	0.01046639404100742
0.00531	0.010467804813779333
0.005315	0.010469375897997067
0.00532	0.010471108785913976
0.005325	0.010473004803490376
0.00533	0.010475065048792141
0.005335	0.01047729046213476
0.00534	0.01047968180529425
0.005345	0.010482239704769879
0.00535	0.010484964683365556
0.005355	0.010487857143559943
0.00536	0.010490917448238662
0.005365	0.010494145928526325
0.00537	0.010497542856636965
0.005375	0.010501108571921504
0.00538	0.010504843422330837
0.005385	0.010508747766676327
0.00539	0.010512822058153373
0.005395	0.010517066835088379
0.0054	0.010521482663944497
0.005405	0.010526070184528415
0.00541	0.010530830163967385
0.005415	0.010535763357484053
0.00542	0.01054087061986996
0.005425	0.010546152810932989
0.00543	0.010551610803847523
0.005435	0.01055724545975971
0.00544	0.010563057590770189
0.005445	0.01056904790417734
0.00545	0.010575217069828422
0.005455	0.010581565618516333
0.00546	0.010588093824536923
0.005465	0.010594801970084639
0.00547	0.010601690009213093
0.005475	0.010608757723921015
0.00548	0.010616004544586968
0.005485	0.01062342973647793
0.00549	0.010631032234749238
0.005495	0.010638810745052083
0.0055	0.010646763653955492
0.005505	0.010654889073583822
0.00551	0.01066318504889796
0.005515	0.010671649186059005
0.00552	0.01068027894310298
0.005525	0.010689071721949335
0.00553	0.010698024721983916
0.005535	0.01070713493044845
0.00554	0.010716399859729242
0.005545	0.010725816492304913
0.00555	0.010735381821744373
0.005555	0.010745093732176693
0.00556	0.010754949528085981
0.005565	0.010764946872830946
0.00557	0.010775084228830898
0.005575	0.01078535971214327
0.00558	0.010795772041210775
0.005585	0.010806320298591405
0.00559	0.010817004114406318
0.005595	0.010827823404995383
0.0056	0.01083877848631503
0.005605	0.010849870525546243
0.00561	0.010861100119166042
0.005615	0.01087246924841784
0.00562	0.010883980088462
0.005625	0.010895634191458888
0.00563	0.010907434639349905
0.005635	0.010919384455491536
0.00564	0.010931486199268975
0.005645	0.010943743084861764
0.00565	0.010956158405863286
0.005655	0.010968734503463157
0.00566	0.010981474295566113
0.005665	0.010994379880181154
0.00567	0.01100745339325047
0.005675	0.011020696373276068
0.00568	0.011034110054245493
0.005685	0.011047695056395303
0.00569	0.01106145111927573
0.005695	0.011075377608954993
0.0057	0.011089472656325148
0.005705	0.011103734266090518
0.00571	0.011118158847480193
0.005715	0.011132743017413257
0.00572	0.011147480884707083
0.005725	0.011162367419611373
0.00573	0.011177395355799303
0.005735	0.011192557829246542
0.00574	0.011207846602754729
0.005745	0.011223252902697892
0.00575	0.011238767107573211
0.005755	0.011254379579649596
0.00576	0.01127007994634983
0.005765	0.011285859768105859
0.00577	0.011301708046145314
0.005775	0.011317615294136402
0.00578	0.011333570655736704
0.005785	0.011349566210507226
0.00579	0.011365590956873577
0.005795	0.011381637293314085
0.0058	0.0113976983816994
0.005805	0.011413765352679203
0.00581	0.011429833884287898
0.005815	0.011445896619803895
0.00582	0.011461952833850214
0.005825	0.011477997207736425
0.00583	0.011494024330870886
0.005835	0.011510036932261873
0.00584	0.01152603621205531
0.005845	0.011542019539270454
0.00585	0.01155799265833139
0.005855	0.01157395559543041
0.00586	0.011589913258162802
0.005865	0.011605873132566022
0.00587	0.011621836541640423
0.005875	0.01163781189394092
0.00588	0.011653805662813385
0.005885	0.011669826251708086
0.00589	0.011685877692031688
0.005895	0.011701967159243537
0.0059	0.01171809872166358
0.005905	0.0117342818201658
0.00591	0.011750515279214722
0.005915	0.011766810827492044
0.00592	0.011783166243919323
0.005925	0.011799583005553066
0.00593	0.011816068140814253
0.005935	0.01183261919390786
0.00594	0.011849238413890724
0.005945	0.011865926863284823
0.00595	0.011882669638220834
0.005955	0.011899469420719637
0.00596	0.011916318718429592
0.005965	0.01193320434268131
0.00597	0.011950118576817386
0.005975	0.011967052592835621
0.00598	0.011984001954048166
0.005985	0.01200093545347322
0.00599	0.012017857472446136
0.005995	0.012034748036670657
0.006	0.012051597785322258
0.006005	0.012068381637698807
0.00601	0.012085103955634316
0.006015	0.012101737031668511
0.00602	0.012118274269363124
0.006025	0.012134706323893758
0.00603	0.012151008100970036
0.006035	0.012167169307952554
0.00604	0.012183185880048176
0.006045	0.01219904033335406
0.00605	0.012214732104666733
0.006055	0.012230248906621177
0.00606	0.012245589836761958
0.006065	0.01226074279405526
0.00607	0.012275704902287101
0.006075	0.012290487370942191
0.00608	0.012305060989429708
0.006085	0.012319440469205004
0.00609	0.012333648749353922
0.006095	0.012347661740578796
0.0061	0.012361485565292133
0.006105	0.01237514959104879
0.00611	0.012388651610062952
0.006115	0.012401998783639914
0.00612	0.012415211547859089
0.006125	0.012428283091917144
0.00613	0.012441220558067572
0.006135	0.012454040573041463
0.00614	0.012466754282417941
0.006145	0.012479359104451295
0.00615	0.012491873262424557
0.006155	0.012504310393626995
0.00616	0.012516650073124714
0.006165	0.012528901962820306
0.00617	0.012541104074232937
0.006175	0.012553228302070491
0.00618	0.012565277949460876
0.006185	0.012577272156421064
0.00619	0.012589202685845149
0.006195	0.012601066041536048
0.0062	0.012612860357550071
0.006205	0.012624560102021256
0.00621	0.01263616391353541
0.006215	0.012647658518931883
0.00622	0.012659042144916689
0.006225	0.012670278836604994
0.00623	0.012681415450647457
0.006235	0.012692419741644319
0.00624	0.012703265577125191
0.006245	0.012713957540832313
0.00625	0.012724510681833435
0.006255	0.012734894181903671
0.00626	0.012745073656562179
0.006265	0.012755071452166818
0.00627	0.012764844968815919
0.006275	0.01277439010015177
0.00628	0.012783702713782525
0.006285	0.012792773036866819
0.00629	0.012801595019405863
0.006295	0.01281017028513361
0.0063	0.012818476024299091
0.006305	0.012826519059543212
0.00631	0.012834250818374622
0.006315	0.012841738132950729
0.00632	0.012848935341202277
0.006325	0.01285587822651692
0.00633	0.012862615280891585
0.006335	0.012869063451346596
0.00634	0.012875232348989872
0.006345	0.012881165124699936
0.00635	0.012886889586656302
0.006355	0.012892337728279999
0.00636	0.012897583591565847
0.006365	0.012902649231502668
0.00637	0.012907516481667545
0.006375	0.01291221326756392
0.00638	0.012916753235273857
0.006385	0.012921116158635554
0.00639	0.012925330107047276
0.006395	0.012929321395573094
0.0064	0.012933162960506162
0.006405	0.012936875612844905
0.00641	0.01294044699343349
0.006415	0.01294390693638609
0.00642	0.012947209639048322
0.006425	0.012950416759009086
0.00643	0.012953509955065797
0.006435	0.01295652596921781
0.00644	0.012959389414333142
0.006445	0.01296218056112859
0.00645	0.012964776454924104
0.006455	0.012967247357911186
0.00646	0.012969542528471014
0.006465	0.01297171782719744
0.00647	0.012973774242591305
0.006475	0.012975712906661356
0.00648	0.012977510778710576
0.006485	0.012979101788489064
0.00649	0.012980611324688853
0.006495	0.012981970434373767
0.0065	0.012983186305938064
0.006505	0.01298427491204171
0.00651	0.01298528641213955
0.006515	0.01298624621991145
0.00652	0.012986916773459633
0.006525	0.012987377871224743
0.00653	0.012987645740723409
0.006535	0.012987652439855356
0.00654	0.012987459884553508
0.006545	0.012987114766291857
0.00655	0.01298655855378309
0.006555	0.012985735512419916
0.00656	0.012984783895601492
0.006565	0.012983755379903135
0.00657	0.012982505757716888
0.006575	0.012981077830661637
0.00658	0.012979456779293684
0.006585	0.012977709290639908
0.00659	0.012975798807305393
0.006595	0.012973799754503208
0.0066	0.012971692797772412
0.006605	0.012969343497854514
0.00661	0.012966945431779637
0.006615	0.012964466521580441
0.00662	0.012961844232711024
0.006625	0.012959176150421203
0.00663	0.012956474570674932
0.006635	0.012953631841435328
0.00664	0.012950618119828807
0.006645	0.012947588448187126
0.00665	0.012944540852933447
0.006655	0.012941420007455066
0.00666	0.01293820574051188
0.006665	0.012935088386566651
0.00667	0.012931625019100829
0.006675	0.01292817943470855
0.00668	0.012924735899089544
0.006685	0.01292109678487964
0.00669	0.012917574711601647
0.006695	0.012914088191179092
0.0067	0.01291055869554305
0.006705	0.012906871706955213
0.00671	0.01290322583942006
0.006715	0.012899474598766572
0.00672	0.012895587483614895
0.006725	0.01289174722978469
0.00673	0.012887892834131732
0.006735	0.012884021579208328
0.00674	0.012880310385693388
0.006745	0.01287632531033552
0.00675	0.012872394261403587
0.006755	0.012868563424103627
0.00676	0.012864710066578376
0.006765	0.01286079557386367
0.00677	0.012856742184785929
0.006775	0.01285267049108306
0.00678	0.012848641438214082
0.006785	0.01284443440858098
0.00679	0.012840314488474952
0.006795	0.01283596810777518
0.0068	0.012831663823062557
0.006805	0.012827316023639049
0.00681	0.012822943763731916
0.006815	0.012818671886675988
0.00682	0.01281427521520519
0.006825	0.012809863493643582
0.00683	0.012805543554156666
0.006835	0.012801165816887335
0.00684	0.012796904637708472
0.006845	0.012792699037637276
0.00685	0.012788513945669377
0.006855	0.012784274268309371
0.00686	0.012780056008719728
0.006865	0.012775619234871902
0.00687	0.012771290236773172
0.006875	0.012767032819819519
0.00688	0.012762866967970778
0.006885	0.012758836105066007
0.00689	0.012754738632751575
0.006895	0.012750789642458835
0.0069	0.012746784830382793
0.006905	0.012742902947597235
0.00691	0.01273898055607299
0.006915	0.012735240444280744
0.00692	0.012731366945772647
0.006925	0.012727705471699954
0.00693	0.01272386983617284
0.006935	0.012720134337544549
0.00694	0.012716445291556286
0.006945	0.012712655743936756
0.00695	0.012709056111915728
0.006955	0.012705369885968468
0.00696	0.012701866621733619
0.006965	0.012698373304008402
0.00697	0.012694922921495568
0.006975	0.01269157474948549
0.00698	0.012688286004089278
0.006985	0.01268506174205363
0.00699	0.012681996483054103
0.006995	0.012678789289059312
0.007	0.012675668240680914
0.007005	0.012672552854805917
0.00701	0.012669501961649877
0.007015	0.012666563427080748
0.00702	0.012663415225676482
0.007025	0.012660430934925136
0.00703	0.01265762023225353
0.007035	0.012654822298824675
0.00704	0.01265216084300109
0.007045	0.01264949113633366
0.00705	0.01264702977981268
0.007055	0.012644388117806585
0.00706	0.012641853670539582
0.007065	0.012639447659610214
0.00707	0.012636979847450922
0.007075	0.012634621463976925
0.00708	0.012632337950202846
0.007085	0.012630108676621912
0.00709	0.012627930747323542
0.007095	0.012625809531215539
0.0071	0.01262375079293266
0.007105	0.012621771304523507
0.00711	0.012619871823053875
0.007115	0.012618125870557788
0.00712	0.012616210697847097
0.007125	0.012614511069889742
0.00713	0.012612858536199376
0.007135	0.01261126694519627
0.00714	0.012609673770254008
0.007145	0.012608165752798836
0.00715	0.012606702508457702
0.007155	0.012605222334118026
0.00716	0.012603872756696922
0.007165	0.012602501680641559
0.00717	0.012601252639205777
0.007175	0.012599950201396433
0.00718	0.012598765941525819
0.007185	0.012597605585044759
0.00719	0.012596466113197442
0.007195	0.01259534960683251
0.0072	0.012594302699221196
0.007205	0.012593225763302966
0.00721	0.01259217756810894
0.007215	0.012591291116454458
0.00722	0.012590230236343564
0.007225	0.012589273967528002
0.00723	0.012588330263454734
0.007235	0.012587411297769217
0.00724	0.012586426974484928
0.007245	0.01258559455633917
0.00725	0.012584740749677099
0.007255	0.012583847332999441
0.00726	0.012583035959558307
0.007265	0.012582189387934687
0.00727	0.0125813692949466
0.007275	0.01258068788313572
0.00728	0.012579908227289343
0.007285	0.01257916902844579
0.00729	0.012578506320632383
0.007295	0.012577884442929812
0.0073	0.012577195575451061
0.007305	0.012576606440616143
0.00731	0.012576023470046363
0.007315	0.012575411100024107
0.00732	0.012574839510602964
0.007325	0.012574318965499825
0.00733	0.012573796723203936
0.007335	0.012573294112621364
0.00734	0.012572771709383803
0.007345	0.012572270356807285
0.00735	0.012571831695797158
0.007355	0.01257142618085856
0.00736	0.012571038246582622
0.007365	0.012570648993734534
0.00737	0.012570267479458748
0.007375	0.01256989493322862
0.00738	0.012569534793559862
0.007385	0.012569094474588137
0.00739	0.012568607684172797
0.007395	0.012568043162574285
0.0074	0.012567512439714074
0.007405	0.012566979772330131
0.00741	0.012566438232921246
0.007415	0.012565882681904431
0.00742	0.012565314718904272
0.007425	0.012564692154346182
0.00743	0.012564074588365488
0.007435	0.012563439979858947
0.00744	0.012562776038270097
0.007445	0.012562075001371156
0.00745	0.012561350955432097
0.007455	0.012560560412655207
0.00746	0.012559787701869076
0.007465	0.012558990128893265
0.00747	0.012558133258889985
0.007475	0.012557266307852933
0.00748	0.012556344095343317
0.007485	0.012555400558515256
0.00749	0.012554412254220418
0.007495	0.012553403435055122
0.0075	0.012552345305221802
0.007505	0.012551245628650379
0.00751	0.012550110378303978
0.007515	0.012548981289484049
0.00752	0.012547800694258194
0.007525	0.012546537181584333
0.00753	0.012545310476419992
0.007535	0.012544046924052242
0.00754	0.01254275253926701
0.007545	0.01254148921671248
0.00755	0.012540159613685016
0.007555	0.012538783849635618
0.00756	0.012537397910670907
0.007565	0.012535999974763222
0.00757	0.012534571013201056
0.007575	0.01253311120451182
0.00758	0.012531639495290773
0.007585	0.012530158641890044
0.00759	0.012528639288430942
0.007595	0.012527138702133572
0.0076	0.012525590616218375
0.007605	0.01252400708271811
0.00761	0.012522370995356469
0.007615	0.012520696021057012
0.00762	0.012518983132988715
0.007625	0.012517186540027491
0.00763	0.012515319533344048
0.007635	0.012513385724200285
0.00764	0.01251135972075808
0.007645	0.012509361641255212
0.00765	0.012507347577145984
0.007655	0.012505267714226637
0.00766	0.012503152160054787
0.007665	0.012500985914305377
0.00767	0.012498768386221258
0.007675	0.012496486224300598
0.00768	0.012494179915362615
0.007685	0.012491838044026725
0.00769	0.01248944246734159
0.007695	0.012486998372279432
0.0077	0.012484547075000312
0.007705	0.01248206810204689
0.00771	0.012479495032979127
0.007715	0.01247691277164781
0.00772	0.012474351067827722
0.007725	0.012471686034402336
0.00773	0.012469027425561982
0.007735	0.012466379712096525
0.00774	0.012463601729209614
0.007745	0.01246082606101999
0.00775	0.012458029395634639
0.007755	0.012455212600134241
0.00776	0.01245234639077015
0.007765	0.012449466326843961
0.00777	0.012446565195716805
0.007775	0.01244364400708107
0.00778	0.012440711377381584
0.007785	0.012437705456169039
0.00779	0.012434701410436278
0.007795	0.012431673694224104
0.0078	0.012428604500726345
0.007805	0.012425586557618164
0.00781	0.012422503680696239
0.007815	0.01241939006305555
0.00782	0.012416299670943022
0.007825	0.012413198521277095
0.00783	0.012409954139298155
0.007835	0.012406767513715469
0.00784	0.012403497668530076
0.007845	0.012400237786863902
0.00785	0.012396985781093163
0.007855	0.012393657243851846
0.00786	0.012390324956850109
0.007865	0.012386978069846871
0.00787	0.012383521114158334
0.007875	0.012380086543248263
0.00788	0.0123765750128943
0.007885	0.012373056541809231
0.00789	0.012369505196212736
0.007895	0.012365875851287842
0.0079	0.012362121340987966
0.007905	0.012358454295787191
0.00791	0.012354771300898085
0.007915	0.01235099690052957
0.00792	0.012347209218246865
0.007925	0.012343400719087292
0.00793	0.012339647670560804
0.007935	0.01233575560947639
0.00794	0.012331864649643727
0.007945	0.012328085863645382
0.00795	0.012324231970436134
0.007955	0.01232034695818485
0.00796	0.012316489763160934
0.007965	0.012312572570521494
0.00797	0.012308705370876596
0.007975	0.012304874390844824
0.00798	0.012301015301967299
0.007985	0.012297222238825869
0.00799	0.012293364722910744
0.007995	0.012289571574625405
0.008	0.012285791469240814
