0.0	0.0
5.0e-6	0.00027283647684876055
1.0e-5	0.0010867725908685402
1.5e-5	0.0024281638049245807
2.0e-5	0.004274519438246066
2.5e-5	0.006594873937532162
3.0e-5	0.009350298600308333
3.5e-5	0.01249454580101529
4.0e-5	0.01597481565318417
4.5e-5	0.019732633042399864
5.0e-5	0.023704821113622158
5.5e-5	0.027824555622866287
6.0e-5	0.032022483097933416
6.5e-5	0.03622788452658681
7.0e-5	0.04036986533329962
7.5e-5	0.044378551745699484
8.0e-5	0.048186273314373335
8.5e-5	0.05172871135576258
9.0e-5	0.05494599345280462
9.5e-5	0.0577837148801279
0.0001	0.06019386892018316
0.000105	0.06213566949480315
0.00011	0.06357625133471612
0.000115	0.06449123501898811
0.00012	0.06486514659907747
0.000125	0.06469168413112278
0.00013	0.06397382622056935
0.000135	0.06272378057461937
0.00014	0.060962773495640186
0.000145	0.058720684166265046
0.00015	0.056035530408780954
0.000155	0.05295281528481518
0.00016	0.049524746378707324
0.000165	0.04580934182867484
0.00017	0.041869439091750296
0.000175	0.03777162401873696
0.00018	0.03358509905125822
0.000185	0.02938051022149088
0.00019	0.025228753133005818
0.000195	0.021199778233643676
0.0002	0.017361415471482414
0.000205	0.013778237871989512
0.00021	0.010510482712608238
0.000215	0.007613047828089388
0.00022	0.005134579185903961
0.000225	0.0031166642572675583
0.00023	0.0015931439070980822
0.000235	0.0005895535665534679
0.00024	0.00012270236464599434
0.000245	0.00020039670959961034
0.00025	0.0008213125536764384
0.000255	0.001975018273624396
0.00026	0.0036421477783430975
0.000265	0.005794721141017146
0.00027	0.00839660776994734
0.000275	0.011404124906076635
0.00028	0.014766762091896072
0.000285	0.01842802022309907
0.00029	0.022326351899161174
0.000295	0.02639618806109056
0.0003	0.03056903437381767
0.000305	0.034774619507247105
0.00031	0.03894207642365417
0.000315	0.04300113701833079
0.00032	0.04688332001119489
0.000325	0.05052309187185025
0.00033	0.05385898079667608
0.000335	0.05683462435498979
0.00034	0.05939973238561646
0.000345	0.06151094805018087
0.00035	0.06313259162056128
0.000355	0.06423727357090202
0.00036	0.0648063658253078
0.000365	0.06483032253758302
0.00037	0.06430884449764579
0.000375	0.06325088411234053
0.00038	0.061674490833199334
0.000385	0.0596064998344362
0.00039	0.05708206961487878
0.000395	0.05414407694337531
0.0004	0.05084238012839819
0.000405	0.047232963915246506
0.00041	0.043376981352467696
0.000415	0.03933970968601973
0.00042	0.03518943870824796
0.000425	0.030996310992041448
0.00043	0.026831134071460365
0.000435	0.022764184890809225
0.00044	0.018864026744866452
0.000445	0.015196358491043917
0.00045	0.011822915052489644
0.000455	0.008800437176599426
0.00046	0.006179727095906612
0.000465	0.0040048051893146015
0.00047	0.0023121809930998294
0.000475	0.0011302499947574882
0.00048	0.0004788255894481288
0.000485	0.0003688134182025438
0.00049	0.0008020330675130355
0.000495	0.0017711898185937271
0.0005	0.0032599968175174893
0.000505	0.005243445720018735
0.00051	0.00768822157206713
0.000515	0.010553255444540622
0.00052	0.013790406173099226
0.000525	0.017345260489097198
0.00053	0.021158038891430992
0.000535	0.025164592830945662
0.00054	0.029297477187573754
0.000545	0.033487080645369684
0.00055	0.03766279544151188
0.000555	0.04175420711071332
0.00056	0.04569228429290204
0.000565	0.04941054844299181
0.00057	0.052846203396121866
0.000575	0.05594120521327957
0.00058	0.058643253567067004
0.000585	0.06090668712378146
0.00059	0.06269326692513043
0.000595	0.06397283365042228
0.0006	0.06472382681781867
0.000605	0.06493365642163833
0.00061	0.06459892015352754
0.000615	0.06372546216296988
0.00062	0.06232827221577809
0.000625	0.06043122704294932
0.00063	0.058066678570218244
0.000635	0.05527489651543221
0.00064	0.052103375474435686
0.000645	0.04860601902985358
0.00065	0.04484221556165587
0.000655	0.04087582227303965
0.00066	0.036774075439005974
0.000665	0.03260644601720768
0.00067	0.02844346052042715
0.000675	0.024355507436246152
0.00068	0.0204116494996291
0.000685	0.016678461793323426
0.00069	0.013218914990469491
0.000695	0.010091322089615225
0.0007	0.00734836575382922
0.000705	0.005036221884188113
0.00071	0.0031937933658863914
0.000715	0.0018520660548391335
0.00072	0.0010335970554860782
0.000725	0.0007521432069711394
0.00073	0.001012435474035061
0.000735	0.0018101026585410228
0.00074	0.0031317455341006374
0.000745	0.004955160185448825
0.00075	0.0072497070311968795
0.000755	0.009976819748443163
0.00076	0.013090646125809966
0.000765	0.01653881077379858
0.00077	0.020263287644773156
0.000775	0.024201368487194327
0.00078	0.028286711708602114
0.000785	0.03245045467852949
0.00079	0.036622371295346026
0.000795	0.040732055698676606
0.0008	0.04471011235863584
0.000805	0.04848933243914304
0.00081	0.05200583633559012
0.000815	0.05520016264249636
0.00082	0.05801828452334008
0.000825	0.06041253553367817
0.00083	0.06234242838239312
0.000835	0.06377535188751043
0.00084	0.06468713346583801
0.000845	0.06506245685341003
0.00085	0.06489512734111429
0.000855	0.06418817957371305
0.00086	0.0629538258411838
0.000865	0.06121324572484146
0.00087	0.05899622088077568
0.000875	0.056340621583552755
0.00088	0.05329175435017974
0.000885	0.04990158245902958
0.00089	0.0462278334185191
0.000895	0.04233300938185672
0.0009	0.038283318112658386
0.000905	0.03414754335730364
0.00091	0.029995874359429138
0.000915	0.025898714755714987
0.00092	0.02192549122499388
0.000925	0.01814348203762867
0.00093	0.014616685088686875
0.000935	0.011404744121571242
0.00094	0.008561950687143237
0.000945	0.006136337968114773
0.00095	0.004168880961928297
0.000955	0.0026928156900340567
0.00096	0.0017330881193935465
0.000965	0.0013059413741074164
0.00097	0.0014186476108599562
0.000975	0.0020693886595858513
0.00098	0.003247287217337836
0.000985	0.004932588054733165
0.00099	0.007096986375937441
0.000995	0.009704098190067198
0.001	0.012710065329524328
0.001005	0.016064285615047018
0.00101	0.01971025664493421
0.001015	0.023586519804683116
0.00102	0.027627689381810473
0.001025	0.03176555015822603
0.00103	0.035930205568770246
0.001035	0.04005125748858404
0.00104	0.04405899797172228
0.001045	0.04788559283442005
0.00105	0.05146623688065021
0.001055	0.0547402608222289
0.00106	0.0576521705617001
0.001065	0.060152600487128546
0.00107	0.06219916376880078
0.001075	0.06375718433445925
0.00108	0.06480029720804618
0.001085	0.06531090619326843
0.00109	0.06528049042448977
0.001095	0.0647097540420409
0.0011	0.06360861611863351
0.001105	0.061996040904607586
0.00111	0.05989971140584496
0.001115	0.057355552192274624
0.00112	0.05440711009186363
0.001125	0.051104803993802655
0.00113	0.04750505731059634
0.001135	0.043669328685273553
0.00114	0.0396630582395885
0.001145	0.035554548014682524
0.00115	0.03141379624033329
0.001155	0.027311305675924435
0.00116	0.023316886498316213
0.001165	0.019498474079986734
0.00117	0.015920981523316786
0.001175	0.01264520601748565
0.00118	0.009726806991069967
0.001185	0.007215372676714768
0.00119	0.005153590116247764
0.001195	0.003576531847792451
0.0012	0.0025110705628078934
0.001205	0.0019754309315691064
0.00121	0.0019788856001467926
0.001215	0.0025216000888295446
0.00122	0.0035946289983281123
0.001225	0.005180063582223685
0.00123	0.007251328397622713
0.001235	0.009773622426355912
0.00124	0.012704497792077501
0.001245	0.015994567010697573
0.00125	0.019588327630030992
0.001255	0.02342509116775964
0.00126	0.027440001474189044
0.001265	0.03156512605805408
0.00127	0.03573060255040699
0.001275	0.039865821373715235
0.00128	0.043900624859907325
0.001285	0.04776650254919773
0.00129	0.05139776222463328
0.001295	0.054732656414233645
0.0013	0.057714444635987065
0.001305	0.06029237257609827
0.00131	0.062422550674457955
0.001315	0.0640687162306281
0.00132	0.06520286511604857
0.001325	0.06580574145097444
0.00133	0.065867176135548
0.001335	0.06538626786226191
0.00134	0.06437140312353447
0.001345	0.06284011469921222
0.00135	0.060818781097299386
0.001355	0.05834217235892436
0.00136	0.05545285045881902
0.001365	0.05220043517277528
0.00137	0.04864074868710193
0.001375	0.0448348543434811
0.00138	0.04084800670660199
0.001385	0.03674853158250199
0.00139	0.03260665568415041
0.001395	0.028493306329232373
0.0014	0.02447890186468437
0.001405	0.020632153453237625
0.00141	0.01701889844612962
0.001415	0.013700984826142066
0.00142	0.010735225163281563
0.001425	0.008172437211587861
0.00143	0.006056586721097214
0.001435	0.004424046275661995
0.00144	0.003302982026554273
0.001445	0.002712878104056056
0.00145	0.0026642062839318894
0.001455	0.0031582461909566797
0.00146	0.00418705896472227
0.001465	0.00573361492025764
0.00147	0.007772073333800397
0.001475	0.010268210098741863
0.00148	0.013179986655332484
0.001485	0.01645825132812536
0.00149	0.020047562036507562
0.001495	0.023887117306465686
0.0015	0.02791178063761611
0.001505	0.03205318160107933
0.00151	0.03624087559396575
0.001515	0.04040354298772556
0.00152	0.04447020751174354
0.001525	0.04837145313925493
0.00153	0.05204061851509308
0.001535	0.05541494810401328
0.00154	0.05843667975787669
0.001545	0.061054049305490715
0.00155	0.0632221940570431
0.001555	0.06490393877258807
0.00156	0.06607044964740802
0.001565	0.06670174418222144
0.00157	0.06678704738926025
0.001575	0.06632498758329808
0.00158	0.06532362795945877
0.001585	0.06380033320122569
0.00159	0.06178147342347418
0.001595	0.059301970766694904
0.0016	0.056404696851911025
0.001605	0.05313973201731349
0.00161	0.04956349973002709
0.001615	0.045737791750611795
0.00162	0.04172870148436727
0.001625	0.037605484453068806
0.00163	0.0334393659448396
0.001635	0.029302316640058845
0.00164	0.025265817368652167
0.001645	0.02139963413823081
0.00165	0.01777062419973771
0.001655	0.014441593209319332
0.00166	0.011470222527838
0.001665	0.008908084401050264
0.00167	0.00679976121362561
0.001675	0.005182083238899458
0.00168	0.0040834973432915455
0.001685	0.003523576978815315
0.00169	0.0035126815374424696
0.001695	0.004051770775053628
0.0017	0.005132377567763778
0.001705	0.006736739767114733
0.00171	0.008838089401058794
0.001715	0.011401094953891517
0.00172	0.014382449980727768
0.001725	0.017731598902753738
0.00173	0.021391588522007236
0.001735	0.025300031624096456
0.00174	0.029390167040612376
0.001745	0.03359199875729681
0.00175	0.03783349511658943
0.001755	0.042041827910310546
0.00176	0.046144630224126106
0.001765	0.05007125131085057
0.00177	0.05375398656047473
0.001775	0.05712926082067241
0.00178	0.060138743914371254
0.001785	0.0627303782037339
0.00179	0.06485929945563221
0.001795	0.06648863405479423
0.0018	0.06759015775879725
0.001805	0.06814480365487709
0.00181	0.06814300971310798
0.001815	0.06758489927634215
0.00182	0.066480290919929
0.001825	0.06484853728453216
0.00183	0.06271819566195548
0.001835	0.06012653622559266
0.00184	0.05711889677563924
0.001845	0.05374789565132792
0.00185	0.050072516992123554
0.001855	0.04615708475970913
0.00186	0.04207014382510951
0.001865	0.03788326795309605
0.00187	0.03366981566188098
0.001875	0.029503655692473426
0.00188	0.02545788419001304
0.001885	0.021603555687401486
0.00189	0.01800844960418757
0.001895	0.014735893250090136
0.0019	0.01184366127530372
0.001905	0.009382970163561296
0.00191	0.0073975847449335675
0.001915	0.005923051840441742
0.00192	0.0049860740671649785
0.001925	0.004604034558560233
0.00193	0.004784680918780345
0.001935	0.005525974161492682
0.00194	0.0068161057140781285
0.001945	0.008633682829937669
0.00195	0.010948079979850393
0.001955	0.01371995102510103
0.00196	0.01690189424989076
0.001965	0.02043925968992391
0.00197	0.02427108568128988
0.001975	0.028331149213163372
0.00198	0.03254911254404999
0.001985	0.03685174667819711
0.00199	0.04116421073843914
0.001995	0.04541136505305004
0.002	0.04951909493167673
0.002005	0.05341562166776534
0.00201	0.057032777293647675
0.002015	0.060307220042800425
0.00202	0.06318156834548572
0.002025	0.06560543249248123
0.00203	0.06753632482969808
0.002035	0.06894043146597936
0.00204	0.0697932309486039
0.002045	0.0700799481374957
0.00205	0.06979583453287289
0.002055	0.0689462695181064
0.00206	0.06754668030113728
0.002065	0.06562228170240228
0.00207	0.06320764027306064
0.002075	0.06034607046455554
0.00208	0.05708887364352154
0.002085	0.053494433595024475
0.00209	0.04962718472979987
0.002095	0.045556471463645304
0.0021	0.04135531913443074
0.002105	0.037099138338249474
0.00211	0.03286438568352467
0.002115	0.028727204670856012
0.00212	0.024762070704366354
0.002125	0.02104046413087883
0.00213	0.0176295946950096
0.002135	0.014591199904355477
0.00214	0.011980438536311196
0.002145	0.0098448989071581
0.00215	0.008223739588812595
0.002155	0.00714697802640054
0.00216	0.0066349400116854475
0.002165	0.006697880238286994
0.00217	0.00733578124362146
0.002175	0.008538334972715124
0.00218	0.010285108027615685
0.002185	0.012545888443722451
0.00219	0.01528120861464552
0.002195	0.018443035825901826
0.0022	0.02197561881166191
0.002205	0.02581647587448474
0.00221	0.029897507460743072
0.002215	0.034146213716684776
0.00222	0.03848699551030579
0.002225	0.04284251573569839
0.00223	0.04713509645632991
0.002235	0.0512881266216181
0.00224	0.055227454729037735
0.002245	0.05888274091492437
0.00225	0.06218874354519306
0.002255	0.06508651643683105
0.00226	0.06752449435724601
0.002265	0.06945944639675382
0.00227	0.07085727915593366
0.002275	0.07169367439192491
0.00228	0.07195454877581778
0.002285	0.07163632667029808
0.00229	0.07074602028036867
0.002295	0.06930111509416054
0.0023	0.06732926214698154
0.002305	0.06486778224070927
0.00231	0.061962990763848064
0.002315	0.05866935511915905
0.00232	0.055048499912947794
0.002325	0.051168077935145946
0.00233	0.04710052750954506
0.002335	0.04292173897258448
0.00234	0.03870965480680272
0.002345	0.03454282927825085
0.00235	0.03049897427958938
0.002355	0.026653518443419292
0.00236	0.023078206452472133
0.002365	0.019839764831616574
0.00237	0.016998659366857304
0.002375	0.014607967673351993
0.00238	0.012712388352244086
0.002385	0.01134740566891427
0.00239	0.01053862579694914
0.002395	0.010301297455985308
0.0024	0.010640026289488139
0.002405	0.011548688649666721
0.00241	0.013010546656005501
0.002415	0.014998562549803186
0.00242	0.017475906559547363
0.002425	0.0203966487996997
0.00243	0.02370662222402928
0.002435	0.027344440413892054
0.00244	0.0312426510644418
0.002445	0.03532900349155261
0.00245	0.03952780636346797
0.002455	0.043761350198092
0.00246	0.04795136798350694
0.002465	0.0520205065902355
0.00247	0.055893781454322965
0.002475	0.05949998731766922
0.00248	0.0627730386058542
0.002485	0.06565321428697884
0.00249	0.0680882837648433
0.002495	0.07003449248760042
0.0025	0.071457388465329
0.002505	0.07233247374829177
0.00251	0.07264566807883749
0.002515	0.07239357534600799
0.00252	0.07158354709061178
0.002525	0.07023354107268746
0.00253	0.06837177676181184
0.002535	0.0660361934784173
0.00254	0.06327372073259227
0.002545	0.060139374004523634
0.00255	0.056695192714876066
0.002555	0.05300904037040951
0.00256	0.04915328976754517
0.002565	0.04520341862450281
0.00257	0.04123654302591003
0.002575	0.03732991754419052
0.00258	0.0335594318006065
0.002585	0.029998133508268295
0.00259	0.026714807676428216
0.002595	0.023772640642547502
0.0026	0.021227995946132703
0.002605	0.019129326794727442
0.00261	0.01751624704479914
0.002615	0.016418779293368164
0.00262	0.015856794930868945
0.002625	0.015839656935997926
0.00263	0.016366071903184044
0.002635	0.01742415339263646
0.00264	0.018991694292963976
0.002645	0.021036641595530033
0.00265	0.023517762899262953
0.002655	0.026385490185283873
0.00266	0.029582922999625973
0.002665	0.03304697022144173
0.00267	0.03670960711920645
0.002675	0.0404992224383575
0.00268	0.04434202883541055
0.002685	0.04816350907757183
0.00269	0.0518898700538731
0.002695	0.05544947677607901
0.0027	0.058774239161069115
0.002705	0.06180092545325105
0.00271	0.06447237763583408
0.002715	0.06673860606268169
0.00272	0.06855774278699601
0.002725	0.06989683563824642
0.00273	0.07073246797299669
0.002735	0.0710511921656992
0.00274	0.07084976827666166
0.002745	0.07013520289684312
0.00275	0.06892458687835532
0.002755	0.06724473446446863
0.00276	0.06513163017544357
0.002765	0.06262969362083133
0.00277	0.059790876122025605
0.002775	0.05667360656151782
0.00278	0.0533416071435016
0.002785	0.049862602668140577
0.00279	0.04630694940367322
0.002795	0.04274621160591837
0.0028	0.03925171511152071
0.002805	0.03589310815990367
0.00281	0.0327369596363833
0.002815	0.029845424252221017
0.00282	0.02727500278608208
0.002825	0.025075423429093725
0.00283	0.023288667550503166
0.002835	0.021948159904136087
0.00284	0.02107813951954121
0.002845	0.020693223374901586
0.00285	0.020798170552664138
0.002855	0.021387850061181334
0.00286	0.022447410994926927
0.002865	0.02395264932554109
0.00287	0.025870561479279065
0.002875	0.028160071061980933
0.00288	0.030772911721240963
0.002885	0.03365464624807412
0.00289	0.03674579965787709
0.002895	0.03998308217407274
0.0029	0.04330067677107143
0.002905	0.04663156520445142
0.00291	0.049908866242151094
0.002915	0.053067160078971325
0.00292	0.05604377363067277
0.002925	0.058780002524075815
0.00293	0.06122224708664856
0.002935	0.06332304145585733
0.00294	0.06504195704072241
0.002945	0.06634636394425203
0.00295	0.06721203656704566
0.002955	0.06762359243221744
0.00296	0.06757475627264879
0.002965	0.06706844457451189
0.00297	0.06611666904338367
0.002975	0.06474026081315824
0.00298	0.06296842060869323
0.002985	0.0608381034484163
0.00299	0.058393249772878096
0.002995	0.05568387804204983
0.003	0.052765056784740805
0.003005	0.04969577673071766
0.00301	0.046537745932163206
0.003015	0.04335413261083458
0.00302	0.04020828178232278
0.003025	0.03716243245163166
0.00303	0.03427646230209958
0.003035	0.031606686287925206
0.00304	0.029204734385600364
0.003045	0.027116531980125765
0.00305	0.025381403999611352
0.003055	0.024031321030018444
0.00306	0.02309030232304422
0.003065	0.022573986952941813
0.00307	0.022489380492038278
0.003075	0.02283478057555718
0.00308	0.023599880730323486
0.003085	0.02476604796056293
0.00309	0.02630676591931055
0.003095	0.028188232134466657
0.0031	0.030370094776474375
0.003105	0.03280631190410543
0.00311	0.03544611404161619
0.003115	0.03823504934244693
0.00312	0.04111608948339226
0.003125	0.04403077379675822
0.00313	0.046920368963447104
0.003135	0.049727021826432675
0.00314	0.052394883506015164
0.003145	0.05487118396780708
0.00315	0.05710723747386759
0.003155	0.05905936090084733
0.00316	0.06068968870323148
0.003165	0.06196687030484131
0.00317	0.06286663789059248
0.003175	0.0633722349184568
0.00318	0.06347469815494607
0.003185	0.06317298863254067
0.00319	0.062473969608781044
0.003195	0.06139223234572448
0.0032	0.05994977329227221
0.003205	0.05817552900242219
0.00321	0.056104777816134724
0.003215	0.05377841991707737
0.00322	0.051242149809139444
0.003225	0.04854553746399242
0.00323	0.045741036326491576
0.003235	0.04288293796573938
0.00324	0.04002629437339602
0.003245	0.03722582969053062
0.00325	0.034534863452964554
0.003255	0.03200426725828431
0.00326	0.02968147606593069
0.003265	0.027609574151771687
0.00327	0.025826474074047086
0.003275	0.02436420490905814
0.00328	0.02324832353827323
0.003285	0.022497459982814355
0.00329	0.022123004765960564
0.003295	0.02212894312551976
0.0033	0.02251183768469168
0.003305	0.023260958010350333
0.00331	0.02435855242472967
0.003315	0.025780254565493762
0.00332	0.027495614574701836
0.003325	0.0294687424913906
0.00333	0.0316590494641025
0.003335	0.034022070813860446
0.00334	0.03651035377695774
0.003345	0.03907439194097568
0.00335	0.041663587946986276
0.003355	0.04422722594831413
0.00336	0.046715435567873234
0.003365	0.04908012965449831
0.00337	0.05127589897432367
0.003375	0.05326084805617782
0.00338	0.05499735771098291
0.003385	0.05645276123659421
0.00339	0.057599922975651426
0.003395	0.05841770969102599
0.0034	0.058891347139013825
0.003405	0.05901265623321111
0.00341	0.05878016528079453
0.003415	0.0581990969157564
0.00342	0.05728123052693607
0.003425	0.05604464315650109
0.00343	0.05451333399801019
0.003435	0.052716739720229715
0.00344	0.05068914984826963
0.003445	0.04846903330942573
0.00345	0.046098288957531895
0.003455	0.0436214343861677
0.00346	0.04108474858804422
0.003465	0.038535384978267716
0.00347	0.03602047194028492
0.003475	0.03358621834894812
0.00348	0.03127704145708735
0.003485	0.029134734091670087
0.00349	0.027197687295143734
0.003495	0.025500183380170786
0.0035	0.02407177286629648
0.003505	0.022936746970373394
0.00351	0.022113715273706015
0.003515	0.021615295940646286
0.00352	0.021447923474474266
0.003525	0.02161177652912935
0.00353	0.022100825813101754
0.003535	0.022902999686650594
0.00354	0.02400046272397298
0.003545	0.025370000340906147
0.00355	0.026983500621939896
0.003555	0.02880852275505637
0.00356	0.030808940027565977
0.003565	0.0329456441697042
0.00357	0.035177296965398064
0.003575	0.03746111448298392
0.00358	0.03975366900701245
0.003585	0.042011693763573436
0.00359	0.044192875808735176
0.003595	0.04625662297194666
0.0036	0.04816479149036533
0.003605	0.04988236191151016
0.00361	0.051378051955529414
0.003615	0.0526248562902258
0.00362	0.05360050455825493
0.003625	0.05428783048423313
0.00363	0.0546750464586983
0.003635	0.054755919625880084
0.00364	0.05452984717370412
0.003645	0.05400183021834588
0.00365	0.05318234737276868
0.003655	0.05208713076920227
0.00366	0.05073684894868151
0.003665	0.049156702614450855
0.00367	0.0473759407469394
0.003675	0.045427305971488606
0.00368	0.043346419330744235
0.003685	0.041171115715881466
0.00369	0.038940742129538165
0.003695	0.03669543166476233
0.0037	0.03447536656728827
0.003705	0.032320043985425304
0.00371	0.030267557989821284
0.003715	0.028353911157001876
0.00372	0.026612368454890744
0.003725	0.025072865351440824
0.00373	0.02376148100219189
0.003735	0.0226999860793191
0.00374	0.021905473310662733
0.003745	0.02139007713551637
0.00375	0.021160787093017858
0.003755	0.02121935768108872
0.00376	0.02156231550388174
0.003765	0.022181062609449752
0.00377	0.023062073052122878
0.003775	0.02418717793905036
0.00378	0.025533932577161193
0.003785	0.02707605786023028
0.00379	0.028783946754807173
0.003795	0.030625225680905088
0.0038	0.03256535975393522
0.003805	0.034568290266768886
0.00381	0.0365970924463681
0.003815	0.03861464141318246
0.00382	0.04058427439280653
0.003825	0.042470437562875045
0.00383	0.04423930644483229
0.003835	0.0458593694485327
0.00384	0.047301965024657854
0.003845	0.04854176385232915
0.00385	0.049557188564157584
0.003855	0.050330764666596244
0.00386	0.05084939752973517
0.003865	0.05110457157937842
0.00387	0.051092469109051006
0.003875	0.05081400742591638
0.00388	0.05027479433919739
0.003885	0.0494850032804546
0.00389	0.04845917060014028
0.003895	0.04721591880246841
0.0039	0.04577761064854425
0.003905	0.044169940162758464
0.00391	0.042421467605567975
0.003915	0.04056310641167424
0.00392	0.038627570920183006
0.003925	0.03664879442574395
0.00393	0.03466132764010186
0.003935	0.03269972805561046
0.00394	0.030797950931091344
0.003945	0.028988752663200577
0.00395	0.02730311715348386
0.003955	0.02576971542680602
0.00396	0.02441440819972607
0.003965	0.023259800341906074
0.00397	0.02232485522966936
0.003975	0.02162457587417322
0.00398	0.02116975843884978
0.003985	0.02096682236866231
0.00399	0.021017719868800657
0.003995	0.02131992592781222
0.004	0.021866508517366153
0.004005	0.022646277056398885
0.00401	0.02364400573938089
0.004015	0.024840726932933516
0.00402	0.02621408857468818
0.004025	0.027738768391129674
0.00403	0.029386936809500726
0.004035	0.031128759688664367
0.00404	0.03293293144431843
0.004045	0.03476722879770795
0.00405	0.0365990752302396
0.004055	0.038396106269766674
0.00406	0.04012672595385769
0.004065	0.0417606451935224
0.00407	0.043269393277981266
0.004075	0.044626794396290345
0.00408	0.04580940178445316
0.004085	0.04679688291751596
0.00409	0.04757235003752632
0.004095	0.048122631224909236
0.0041	0.048438478170311966
0.004105	0.04851470777628313
0.00411	0.04835027570557595
0.004115	0.047948280989513016
0.00412	0.04731590181082739
0.004125	0.046464263576192884
0.00413	0.04540824138934496
0.004135	0.0441662000201311
0.00414	0.04275967543008553
0.004145	0.04121300285112675
0.00415	0.039552897308099126
0.004155	0.03780799331309199
0.00416	0.03600835122258595
0.004165	0.03418493841851338
0.00417	0.03236909403143099
0.004175	0.030591986348320093
0.00418	0.028884072320159146
0.004185	0.027274568688691936
0.00419	0.025790944174444542
0.004195	0.02445844190007675
0.0042	0.023299640761082985
0.004205	0.02233406380211408
0.00421	0.021577840820769564
0.004215	0.02104343141704787
0.00422	0.020739413557477583
0.004225	0.020670341455583906
0.00423	0.020836675216657826
0.004235	0.02123478328998895
0.00424	0.02185701735281204
0.004245	0.02269185785436236
0.00425	0.023724127111398492
0.004255	0.02493526560105159
0.00426	0.02630366597133272
0.004265	0.027805058307038902
0.00427	0.029412939366091507
0.004275	0.031099037848989444
0.00428	0.032833807286261674
0.004285	0.034586937823808686
0.00429	0.036327878047125096
0.004295	0.03802635800176446
0.0043	0.039652904725353835
0.004305	0.04117934189075012
0.00431	0.04257926555486774
0.004315	0.043828488498201625
0.00432	0.04490544621250136
0.004325	0.045791558236980376
0.00433	0.04647153924753069
0.004335	0.04693365506176249
0.00434	0.047169919530306775
0.004345	0.04717622913824599
0.00435	0.0469524330369534
0.004355	0.046502337163228956
0.00436	0.045833642075594844
0.004365	0.04495781514146703
0.00437	0.043889898735793395
0.004375	0.04264825715090058
0.00438	0.041254265954728836
0.004385	0.03973194855343866
0.00439	0.03810756569448926
0.004395	0.03640916456554748
0.0044	0.034666094979142276
0.004405	0.03290850085842426
0.00441	0.031166795831915683
0.004415	0.029471132182621398
0.00442	0.027850872660238748
0.004425	0.026334074739481603
0.00443	0.024946996782822084
0.004435	0.02371363523828502
0.00444	0.022655301474757552
0.004445	0.021790246137605083
0.00445	0.021133338011541138
0.004455	0.02069580332720819
0.00446	0.020485030269118465
0.004465	0.02050444216597404
0.00447	0.0207534415031543
0.004475	0.021227425525835456
0.00448	0.021917872833995277
0.004485	0.02281249904026404
0.00449	0.023895478298223954
0.004495	0.025147726338239553
0.0045	0.02654723959179306
0.004505	0.028069484060229542
0.00451	0.029687826800930402
0.004515	0.0313740022700033
0.00452	0.033098605277662105
0.004525	0.034831601979138094
0.00453	0.036542850135744896
0.004535	0.038202619831435754
0.00454	0.039782105912378754
0.004545	0.041253923622987985
0.00455	0.04259257923389279
0.004555	0.043774907888430456
0.00456	0.04478047142855281
0.004565	0.045591909592537984
0.00457	0.04619523870061428
0.004575	0.04658009275567134
0.00458	0.04673990277844307
0.004585	0.04667201116363335
0.00459	0.04637771887637024
0.004595	0.04586226439711809
0.0046	0.04513473445438071
0.004605	0.04420790774245071
0.00461	0.0430980339879623
0.004615	0.041824551883231385
0.00462	0.04040975052408605
0.004625	0.03887838005066522
0.00463	0.037257218167506864
0.004635	0.035574600090098316
0.00464	0.03385992020586106
0.004645	0.0321431143283109
0.00465	0.0304541318463068
0.004655	0.028822407312772597
0.00466	0.027276341069903638
0.004665	0.02584279836779296
0.00467	0.024546636101089894
0.004675	0.023410265771677596
0.00468	0.022453260595364566
0.004685	0.02169201382405772
0.00469	0.021139454371936598
0.004695	0.020804824738123517
0.0047	0.02069352503505902
0.004705	0.020807025687890994
0.00471	0.02114285009315414
0.004715	0.021694627241583872
0.00472	0.022452213045710954
0.004725	0.02340187789164256
0.00473	0.024526556777499556
0.004735	0.025806157326895004
0.00474	0.02721791999119448
0.004745	0.028736823891616338
0.00475	0.03033603101253085
0.004755	0.03198736084879667
0.00476	0.03366178713832814
0.004765	0.03532994798080256
0.00477	0.03696266045649284
0.004775	0.03853143081663636
0.00478	0.04000895141829207
0.004785	0.04136957582032291
0.00479	0.04258976383918808
0.004795	0.04364848887934725
0.0048	0.04452760049751263
0.004805	0.04521213592301087
0.00481	0.0456905751295876
0.004815	0.045955035023339384
0.00482	0.0460013993650142
0.004825	0.04582938216399062
0.00483	0.04544252344867941
0.004835	0.04484811751426406
0.00484	0.044057074952215475
0.004845	0.0430837209528884
0.00485	0.0419455335222608
0.004855	0.04066282634267709
0.00486	0.039258382014769395
0.004865	0.03775704231973296
0.00487	0.03618526292406496
0.004875	0.03457064059174326
0.00488	0.032941421462515504
0.004885	0.031325999285906785
0.00489	0.029752412665179147
0.004895	0.02824785035890238
0.0049	0.026838173511836195
0.004905	0.025547463345113642
0.00491	0.024397602337724356
0.004915	0.023407896285546452
0.00492	0.02259474384745985
0.004925	0.021971359290303527
0.00493	0.021547553154435063
0.004935	0.021329574485347145
0.00494	0.02132001714945202
0.004945	0.021517791576997063
0.00495	0.021918162097857415
0.004955	0.022512848850914317
0.00496	0.02329019209893318
0.004965	0.024235375674738945
0.00497	0.025330705246132047
0.004975	0.02655593613163057
0.00498	0.02788864454853664
0.004985	0.029304635430111567
0.00499	0.03077837934301423
0.004995	0.032283470562196895
0.005	0.033793098023454676
0.005005	0.03528052070554264
0.00501	0.036719538960372736
0.005015	0.03808495343664175
0.00502	0.03935300351340075
0.005025	0.04050177757604539
0.00503	0.04151158802350283
0.005035	0.042365304554258465
0.00504	0.04304864006968667
0.005045	0.04355038441697571
0.00505	0.04386258213642528
0.005055	0.04398065140823478
0.00506	0.043903442450037924
0.005065	0.0436332346995045
0.00507	0.0431756732261044
0.005075	0.04253964586006373
0.00508	0.04173710359878435
0.005085	0.04078282784370908
0.00509	0.039694148940621794
0.005095	0.03849062133551055
0.0051	0.03719366142183274
0.005105	0.03582615478432774
0.00511	0.03441204008590227
0.005115	0.032975877153532125
0.00512	0.031542407185112274
0.005125	0.03013611301643347
0.00513	0.028780787392791295
0.005135	0.027499116970872248
0.00514	0.026312289509280582
0.005145	0.025239631212619792
0.00515	0.024298280570434413
0.005155	0.023502904385230138
0.00516	0.022865460836256273
0.005165	0.022395013516139105
0.00517	0.022097599405941113
0.005175	0.021976152709106946
0.00518	0.022030485398515025
0.005185	0.022257324333515596
0.00519	0.022650403554690213
0.005195	0.02320060948556534
0.0052	0.023896175816362265
0.005205	0.02472292382653998
0.00521	0.025664543100397764
0.005215	0.026702907021665757
0.00522	0.027818416783480727
0.005225	0.028990367183812097
0.00523	0.030197327164171395
0.005235	0.031417528024903336
0.00524	0.03262925209749744
0.005245	0.0338112148292701
0.00525	0.034942933476353355
0.005255	0.03600507598649582
0.00526	0.0369797842306643
0.005265	0.037850966136598496
0.00527	0.038604552018074
0.005275	0.03922871115335305
0.00528	0.039714025708572874
0.005285	0.04005361919128338
0.00529	0.040243238113418525
0.005295	0.040281286298198334
0.0053	0.04016881200477146
0.005305	0.039909448409816244
0.00531	0.03950930954106323
0.005315	0.038976844393107876
0.00532	0.03832265181794522
0.005325	0.03755926037496862
0.00533	0.03670087741954804
0.005335	0.03576311242695446
0.00534	0.03476267967141804
0.005345	0.03371708596421376
0.00535	0.03264430884363547
0.005355	0.03156247199604285
0.00536	0.030489523272605956
0.005365	0.029442920789772786
0.00537	0.028439333389420986
0.005375	0.027494361013622712
0.00538	0.026622279094257732
0.005385	0.02583581167581644
0.00539	0.025145936953905292
0.005395	0.02456172971501143
0.0054	0.024090240723979018
0.005405	0.023736416175862196
0.00541	0.023503057566279885
0.005415	0.023390822774483098
0.00542	0.023398265914717595
0.005425	0.023521915060200276
0.00543	0.02375638600884998
0.005435	0.024094528004464523
0.00544	0.024527598847331248
0.005445	0.02504546386679989
0.00545	0.02563681475094957
0.005455	0.026289403980462048
0.00546	0.026990290480868893
0.005465	0.027726087872320358
0.00547	0.02848321454295844
0.005475	0.02924813968232015
0.00548	0.030007619303777273
0.005485	0.03074891832998871
0.00549	0.03146001725838221
0.005495	0.03212979861161971
0.0055	0.03274820967205012
0.005505	0.03330640038625857
0.00551	0.03379683532271878
0.005515	0.0342133784429076
0.00552	0.034551349297981426
0.005525	0.03480755063105059
0.00553	0.034980270161885485
0.005535	0.035069254786468905
0.00554	0.03507566131511772
0.005545	0.035001982859620744
0.00555	0.03485195256368857
0.005555	0.03463043478461802
0.00556	0.03434329395018219
0.005565	0.033997252311026495
0.00557	0.03359973778911573
0.005575	0.03315872778536085
0.00558	0.03268258382148352
0.005585	0.03217988740634916
0.00559	0.03165927998474769
0.005595	0.03112930693922487
0.0056	0.030598268665496604
0.005605	0.030074083228750468
0.00561	0.029564161604764248
0.005615	0.02907529940658979
0.00562	0.028613585693093895
0.005625	0.028184326404404825
0.00563	0.02779198900692466
0.005635	0.02744016974200656
0.00564	0.027131578524005318
0.005645	0.02686803801844054
0.00565	0.026650508304995425
0.005655	0.026479126655111013
0.00566	0.02635326126349193
0.005665	0.026271576126154533
0.00567	0.02623211248783024
0.005675	0.026232375057293807
0.00568	0.02626942646813426
0.005685	0.0263399804973727
0.00569	0.026440498858567578
0.005695	0.026567290655140196
0.0057	0.02671659822272455
0.005705	0.02688468380931511
0.00571	0.02706790496340463
0.005715	0.027262774876054042
0.00572	0.027466028712571203
0.005725	0.027674660663929564
0.00573	0.02788594892629744
0.005735	0.028097488618749358
0.00574	0.02830719437140662
0.005745	0.028513296228412952
0.00575	0.02871432360810169
0.005755	0.02890909266342682
0.00576	0.029096680677937043
0.005765	0.02927638069496061
0.00577	0.029447670591818305
0.005775	0.029610174460181483
0.00578	0.02976362179738144
0.005785	0.029907800844791506
0.00579	0.03004252512029273
0.005795	0.030167596344185952
0.0058	0.030282774539207344
0.005805	0.030387752810533745
0.00581	0.03048213331343965
0.005815	0.03056541541183516
0.00582	0.030636986123655483
0.005825	0.03069612484335684
0.00583	0.03074200124557654
0.005835	0.030773696923249293
0.00584	0.03079022009355788
0.005845	0.03079053117499153
0.00585	0.030773576957191094
0.005855	0.030738325706321335
0.00586	0.03068380318533234
0.005865	0.03060913923388368
0.00587	0.030513605329364712
0.005875	0.030396670400467736
0.00588	0.03025803127560825
0.005885	0.030097663150339442
0.00589	0.029915859931446562
0.005895	0.029713259017123683
0.0059	0.02949087265662502
0.005905	0.029250114188393843
0.00591	0.028992804507836187
0.005915	0.028721172486501145
0.00592	0.02843785117134938
0.005925	0.028145862085558283
0.00593	0.027848583979239526
0.005935	0.027549707038288827
0.00594	0.027253184562925033
0.005945	0.02696319370550244
0.00595	0.026684036021127677
0.005955	0.026420082184322725
0.00596	0.026175689121852544
0.005965	0.025955106355563983
0.00597	0.02576239093449458
0.005975	0.025601314738659148
0.00598	0.025475296084888018
0.005985	0.025387291848086357
0.00599	0.025339731269799482
0.005995	0.02533447205783855
0.006	0.02537268474071803
0.006005	0.025454875272798168
0.00601	0.025580805380108134
0.006015	0.02574947745411845
0.00602	0.025959136468410155
0.006025	0.026207299161018542
0.00603	0.02649072904322814
0.006035	0.02680551513744466
0.00604	0.02714712220244328
0.006045	0.027510445731976092
0.00605	0.027889881541762043
0.006055	0.028279420185144285
0.00606	0.028672786376303185
0.006065	0.029063489324892788
0.00607	0.0294449341233955
0.006075	0.029810582356529395
0.00608	0.030154038524124568
0.006085	0.030469157594239845
0.00609	0.03075015228412713
0.006095	0.030991721802368154
0.0061	0.03118915693251355
0.006105	0.03133840175549897
0.00611	0.03143614823620073
0.006115	0.03147991029238663
0.00612	0.03146807175515952
0.006125	0.03139993611926259
0.00613	0.0312757325099693
0.006135	0.031096636329476107
0.00614	0.030864756995068205
0.006145	0.030583146611991227
0.00615	0.030255698152303157
0.006155	0.029887127009552854
0.00616	0.029482885261994503
0.006165	0.029049110903870804
0.00617	0.028592469465182506
0.006175	0.028120059286403216
0.00618	0.02763932992735498
0.006185	0.027157911228783672
0.00619	0.026683502586220455
0.006195	0.02622373720614348
0.0062	0.025786013096277944
0.006205	0.025377408849888088
0.00621	0.025004552282218713
0.006215	0.024673476100207134
0.00622	0.024389512268392984
0.006225	0.02415718405391748
0.00623	0.0239802051316555
0.006235	0.023861339718071542
0.00624	0.023802300752947484
0.006245	0.023803815895159185
0.00625	0.02386562314988072
0.006255	0.023986386995095487
0.00626	0.024163787986013874
0.006265	0.02439450389323875
0.00627	0.02467436772217939
0.006275	0.02499838477284322
0.00628	0.02536076118450867
0.006285	0.025755090222836733
0.00629	0.02617444311226508
0.006295	0.02661152178270161
0.0063	0.027058708959828787
0.006305	0.02750820980129479
0.00631	0.027952257109341957
0.006315	0.028383247091981055
0.00632	0.02879375453076629
0.006325	0.029176743786759458
0.00633	0.02952567422913383
0.006335	0.02983466539479453
0.00634	0.030098480438756466
0.006345	0.030312682571038963
0.00635	0.030473679645627146
0.006355	0.03057884650761276
0.00636	0.030626507440474043
0.006365	0.030615945207041848
0.00637	0.03054741990306507
0.006375	0.03042222485501288
0.00638	0.03024256763731551
0.006385	0.03001159431840461
0.00639	0.029733275319440144
0.006395	0.02941235543103752
0.0064	0.0290543130217539
0.006405	0.028665164777462778
0.00641	0.02825143584576024
0.006415	0.02781997298172504
0.00642	0.027377954664902778
0.006425	0.026932581001966917
0.00643	0.026491149301813264
0.006435	0.026060694209409728
0.00644	0.025648044771546016
0.006445	0.025259681473374943
0.00645	0.024901550379149696
0.006455	0.02457908285849945
0.00646	0.024296948435099365
0.006465	0.02405909439412224
0.00647	0.023868751989754352
0.006475	0.02372809960562259
0.00648	0.023638588793413556
0.006485	0.023600707747628805
0.00649	0.023614067053754916
0.006495	0.023677403909612503
0.0065	0.02378853372457606
0.006505	0.023944509747711673
0.00651	0.02414179208697736
0.006515	0.024375994985167723
0.00652	0.024642145679586995
0.006525	0.0249348716492965
0.00653	0.025248507762315346
0.006535	0.025576886576233415
0.00654	0.025913988103169455
0.006545	0.026253413186507563
0.00655	0.02658883722234578
0.006555	0.026914430452399843
0.00656	0.027224447947734636
0.006565	0.027513298048107742
0.00657	0.02777628190848375
0.006575	0.028008813398818576
0.00658	0.02820707609824897
0.006585	0.028368135244949445
0.00659	0.028489205643921926
0.006595	0.028568846235433227
0.0066	0.028606097549466213
0.006605	0.02860068423094958
0.00661	0.028553272829593156
0.006615	0.028465060426955995
0.00662	0.028338114599579783
0.006625	0.028175128401046145
0.00663	0.02797919549811545
0.006635	0.027754247808614255
0.00664	0.02750441433415797
0.006645	0.02723423919710162
0.00665	0.02694869067544176
0.006655	0.02665261251585777
0.00666	0.026351298864255492
0.006665	0.02604971501936643
0.00667	0.025753000722972
0.006675	0.025465924794981495
0.00668	0.02519284004034971
0.006685	0.024938079952136562
0.00669	0.024705511979588476
0.006695	0.02449826522806668
0.0067	0.02431916508881263
0.006705	0.02417028913234444
0.00671	0.024053135322260437
0.006715	0.023968960256592033
0.00672	0.02391766794111952
0.006725	0.0238990787632405
0.00673	0.02391245900950159
0.006735	0.023956030641413266
0.00674	0.024028070674152798
0.006745	0.024125923108178567
0.00675	0.02424660865830436
0.006755	0.024387085084050058
0.00676	0.024543565370669245
0.006765	0.024712510176151163
0.00677	0.024889839385200643
0.006775	0.025071778259990008
0.00678	0.025254307644839546
0.006785	0.025433676174308886
0.00679	0.025606275970053567
0.006795	0.02576866756318075
0.0068	0.025917685521322797
0.006805	0.026050819745494544
0.00681	0.02616557828703991
0.006815	0.02626010412759635
0.00682	0.02633307614162169
0.006825	0.02638354542242021
0.00683	0.026411166322160114
0.006835	0.026415796335232777
0.00684	0.02639802632574449
0.006845	0.02635890581166863
0.00685	0.0262997798726774
0.006855	0.026222504490741066
0.00686	0.02612922900396015
0.006865	0.02602219905665582
0.00687	0.02590417850948944
0.006875	0.025778076083967316
0.00688	0.025646614652797082
0.006885	0.025512693020834667
0.00689	0.02537927150718518
0.006895	0.025248960450996796
0.0069	0.02512469233728624
0.006905	0.025008727350577534
0.00691	0.02490322135159324
0.006915	0.024810202641996338
0.00692	0.024730943351609823
0.006925	0.024666785803793435
0.00693	0.02461837190894684
0.006935	0.024585709389188134
0.00694	0.024569133451484752
0.006945	0.02456807585172827
0.00695	0.02458170048351317
0.006955	0.024608826314240856
0.00696	0.02464777350412563
0.006965	0.024696731242973398
0.00697	0.024753649796349527
0.006975	0.02481610987873824
0.00698	0.024881919214396017
0.006985	0.024948520505332836
0.00699	0.025013325926184233
0.006995	0.025074228236015416
0.007	0.0251285692605838
0.007005	0.025174216404466748
0.00701	0.02520954840364826
0.007015	0.025232708549931714
0.00702	0.025242411298529208
0.007025	0.025237799753627166
0.00703	0.025217986277383034
0.007035	0.02518332856302058
0.00704	0.025133784606685212
0.007045	0.02506995757296529
0.00705	0.024993118623546147
0.007055	0.02490440218608354
0.00706	0.024806039645382787
0.007065	0.02469985339623778
0.00707	0.02458848981898098
0.007075	0.02447438658797768
0.00708	0.024360578300075004
0.007085	0.02424992556218928
0.00709	0.024145399120950227
0.007095	0.024049990281527833
0.0071	0.02396643809545343
0.007105	0.023897484548555784
0.00711	0.02384548445245279
0.007115	0.023812578831566567
0.00712	0.023800426487460665
0.007125	0.023810511158467086
0.00713	0.023843794706188935
0.007135	0.023900651364361716
0.00714	0.023981100165174817
0.007145	0.02408440442084744
0.00715	0.02420966102400702
0.007155	0.02435503103252775
0.00716	0.024518383512384778
0.007165	0.024697132980184274
0.00717	0.02488823375068298
0.007175	0.025088307787042036
0.00718	0.025293635009165386
0.007185	0.02550008038714147
0.00719	0.02570368174132488
0.007195	0.025900038154330837
0.0072	0.02608498245529462
0.007205	0.02625424045484463
0.00721	0.02640385547402974
0.007215	0.02653007377955156
0.00722	0.026629289250900887
0.007225	0.026698728534848316
0.00723	0.026735546968392074
0.007235	0.026737978138533555
0.00724	0.02670448683103201
0.007245	0.026634317600186082
0.00725	0.026527532377273635
0.007255	0.026384731140931168
0.00726	0.026207183943211018
0.007265	0.025997018364735492
0.00727	0.025756862554472324
0.007275	0.025490334252942098
0.00728	0.02520109413315483
0.007285	0.02489394855564323
0.00729	0.02457371579489059
0.007295	0.02424584349848792
0.0073	0.023915974317169596
0.007305	0.02358989503493703
0.00731	0.023273634921372386
0.007315	0.02297303041372027
0.00732	0.022693936255266722
0.007325	0.022441935752218242
0.00733	0.02222201002690817
0.007335	0.022039017517921637
0.00734	0.021897111611029176
0.007345	0.021799553547404375
0.00735	0.021749316722602094
0.007355	0.02174832012608196
0.00736	0.02179774022153611
0.007365	0.021897762571607558
0.00737	0.022047790338659192
0.007375	0.02224616809876402
0.00738	0.022490355832309745
0.007385	0.022777247414244153
0.00739	0.023102483269519566
0.007395	0.023461197838828385
0.0074	0.023847603668970443
0.007405	0.024255743591069898
0.00741	0.024678676559053047
0.007415	0.025109305704573866
0.00742	0.02554015995294784
0.007425	0.02596395324457862
0.00743	0.026372925745350908
0.007435	0.026759863691750114
0.00744	0.027117532695900438
0.007445	0.027439245234833213
0.00745	0.027718940895900948
0.007455	0.02795090165336827
0.00746	0.028130584955158553
0.007465	0.028253905849698845
0.00747	0.028318054859906523
0.007475	0.028320937468929375
0.00748	0.02826171196369366
0.007485	0.028140365128861224
0.00749	0.027958421054956044
0.007495	0.027718200363862737
0.0075	0.027423015040623812
0.007505	0.027077294431052636
0.00751	0.026686380265739672
0.007515	0.02625660642108066
0.00752	0.025794709235287386
0.007525	0.025308437886969362
0.00753	0.024805941066493916
0.007535	0.02429579640828999
0.00754	0.023786534220972835
0.007545	0.02328679829217959
0.00755	0.02280536896838831
0.007555	0.022350755060412928
0.00756	0.02193091145811768
0.007565	0.021553180625481897
0.00757	0.021224496895569923
0.007575	0.020950924447583237
0.00758	0.020737387368130418
0.007585	0.020587996795648465
0.00759	0.020505583521587288
0.007595	0.020492257457912402
0.0076	0.020548361433215426
0.007605	0.020673239630123953
0.00761	0.020865109783889925
0.007615	0.021121152719276736
0.00762	0.021437035223752014
0.007625	0.021807382306338618
0.00763	0.022226078676373672
0.007635	0.02268598173715299
0.00764	0.02317927657108201
0.007645	0.023697167806559526
0.00765	0.024231026698795406
0.007655	0.024771527267058006
0.00766	0.025309055423786104
0.007665	0.025834072349105536
0.00767	0.026337154626836796
0.007675	0.026809806042107188
0.00768	0.02724331176197835
0.007685	0.027630114343169903
0.00769	0.02796306402218259
0.007695	0.028236158952367953
0.0077	0.028444410763263907
0.007705	0.028583843967397826
0.00771	0.028652085794583462
0.007715	0.028647592870702614
0.00772	0.02857039819454344
0.007725	0.028421568552071227
0.00773	0.028203730671611124
0.007735	0.02792051229215708
0.00774	0.027576724662281605
0.007745	0.02717851455433716
0.00775	0.026732896351949493
0.007755	0.02624763988559212
0.00776	0.025731441525253727
0.007765	0.025193224427491966
0.00777	0.024642654732469738
0.007775	0.024089417072222615
0.00778	0.023543430203330766
0.007785	0.02301436997427434
0.00779	0.022511762018901402
0.007795	0.02204433092124688
0.0078	0.021620339109543054
0.007805	0.021247378196607575
0.00781	0.02093197849062252
0.007815	0.020679775007982626
0.00782	0.0204950886921775
0.007825	0.020381356126029804
0.00783	0.02034034255207121
0.007835	0.020372596612347072
0.00784	0.020477373175076512
0.007845	0.020652453578208448
0.00785	0.02089456170772873
0.007855	0.021199469431922927
0.00786	0.02156150152448203
0.007865	0.02197372664884313
0.00787	0.022428417238884408
0.007875	0.02291724754002366
0.00788	0.02343110276139522
0.007885	0.023960630945202174
0.00789	0.024496369397229125
0.007895	0.02502821777255182
0.0079	0.02554618172597734
0.007905	0.02604070112793484
0.00791	0.026502824284770587
0.007915	0.02692390631808835
0.00792	0.027296398651675727
0.007925	0.027613438247961555
0.00793	0.027869357419951467
0.007935	0.028059038400284966
0.00794	0.028179076476155973
0.007945	0.028227105356169662
0.00795	0.028202379528002922
0.007955	0.028105326991770936
0.00796	0.027937939772509836
0.007965	0.02770317908927562
0.00797	0.027404925703169287
0.007975	0.027048962771784955
0.00798	0.026641760393147675
0.007985	0.026190757861940944
0.00799	0.02570449846714419
0.007995	0.025191887124088718
0.008	0.02466214587455037
